5
2 3 5 4 1
10
3 4 7 2 6 5 10 1 8 9
50
31 41 23 7 2 45 43 37 46 26 17 48 32 28 30 16 35 42 13 25 18 9 27 38 3 22 10 21 8 4 15 47 33 34 12 49 14 40 11 50 1 36 6 20 29 39 5 24 44 19
100
30 18 9 25 35 83 86 3 36 65 64 79 21 77 58 59 41 47 82 95 20 69 88 46 90 37 70 84 94 53 11 40 48 42 15 44 27 76 63 72 67 33 50 89 96 5 73 14 60 80 12 74 2 97 10 52 31 62 6 56 4 75 55 28 100 17 92 13 93 68 8 57 87 85 54 91 43 45 24 29 22 1 98 78 49 66 23 16 38 19 71 32 7 61 51 81 99 39 34 26
500
95 18 127 360 162 62 96 462 344 330 109 233 388 463 498 40 82 368 284 216 416 485 487 237 72 161 31 23 311 196 475 1 401 121 275 195 312 468 101 461 376 34 251 218 431 324 9 112 136 39 243 120 203 438 166 92 55 7 108 105 412 182 364 338 87 61 57 392 154 260 48 444 434 281 252 458 29 399 481 212 169 264 52 382 253 257 386 396 291 116 419 16 222 411 36 417 352 456 197 464 5 414 375 180 371 226 265 258 289 45 381 167 160 292 369 299 115 49 122 466 452 172 457 76 71 446 8 483 241 33 351 234 118 315 343 187 476 171 410 235 213 448 59 394 214 499 328 279 139 37 77 357 84 93 256 47 224 348 432 240 217 60 249 454 424 492 13 405 211 151 460 474 158 335 164 207 465 439 290 441 309 391 232 359 133 145 390 255 119 21 24 254 421 346 32 269 271 318 285 65 491 14 147 12 137 336 190 198 155 178 332 340 41 64 426 379 70 110 320 370 100 326 132 422 245 131 484 383 480 124 27 228 341 385 66 398 342 429 437 91 189 35 488 493 221 355 300 200 349 314 409 50 365 176 102 274 266 2 272 280 397 73 239 229 403 78 104 135 183 163 205 54 306 362 123 377 477 170 384 238 56 329 134 449 140 30 495 25 267 327 428 378 372 303 3 489 242 125 496 193 268 433 297 310 210 202 88 374 259 114 356 413 201 248 323 490 307 85 400 286 366 86 58 146 473 333 339 316 22 143 404 420 295 98 81 150 246 470 89 192 38 15 168 467 152 451 479 361 53 497 389 277 26 283 204 144 319 308 215 407 80 94 443 334 42 440 261 149 209 208 225 486 250 262 173 350 174 75 4 20 418 301 296 282 11 445 148 393 129 186 113 450 157 128 287 17 500 345 126 447 69 10 68 325 188 117 28 181 321 302 482 387 305 111 353 219 402 153 194 231 159 435 138 347 43 395 6 471 156 67 453 337 79 141 415 442 191 288 51 263 293 313 227 373 220 459 175 185 74 90 354 331 19 206 230 317 223 278 273 455 425 322 423 44 247 358 367 142 199 99 436 406 304 469 103 298 380 179 363 106 478 63 472 107 97 276 244 408 130 177 430 165 236 294 46 427 184 83 494 270
1000
325 286 863 102 283 780 361 161 297 678 417 141 214 497 382 993 319 496 418 662 200 369 209 196 346 871 477 579 279 824 293 986 947 611 893 663 103 551 698 768 307 236 820 550 757 355 691 406 265 558 359 747 467 85 195 321 180 561 659 352 744 335 370 331 581 572 643 89 192 453 97 121 609 523 326 61 849 916 937 133 138 777 982 852 94 43 105 451 95 754 951 313 533 198 827 362 702 977 992 666 349 476 975 984 873 547 262 9 838 252 683 202 870 693 431 584 151 753 15 563 260 434 45 743 78 876 284 241 872 766 244 848 517 414 941 329 342 610 320 553 411 193 30 837 223 815 100 440 948 885 457 601 304 923 510 816 60 177 290 531 931 676 408 253 188 701 190 348 156 961 372 52 944 201 850 955 588 696 194 65 548 454 891 688 670 391 703 227 481 830 330 750 938 511 207 20 615 136 507 291 396 883 987 215 59 999 903 301 675 854 901 490 526 692 483 935 847 186 759 913 363 908 197 518 443 83 918 383 899 700 835 128 448 373 570 464 199 90 968 387 174 823 845 7 247 928 614 902 445 731 604 469 930 473 545 522 36 157 828 625 225 148 882 184 134 55 957 447 402 621 12 388 450 722 205 704 309 628 555 672 653 853 113 758 973 647 608 117 475 366 603 613 658 401 569 904 150 162 310 500 554 880 240 932 728 142 208 132 37 482 428 351 334 530 341 106 607 308 949 566 125 419 305 946 82 821 272 583 77 389 269 19 619 964 375 752 416 127 163 484 104 879 210 595 933 564 395 597 221 953 219 18 965 183 577 697 962 237 734 749 86 292 268 844 616 514 637 787 516 421 173 867 185 40 328 230 415 67 147 831 761 751 602 690 203 332 54 915 794 970 311 521 720 822 940 14 746 17 776 859 945 371 25 13 306 909 559 594 557 314 956 765 819 400 123 87 544 312 99 159 107 856 144 2 235 919 459 79 397 695 129 171 769 108 529 131 592 393 979 799 386 337 424 960 983 635 985 66 665 624 212 493 926 733 775 881 71 748 441 996 888 699 639 126 978 745 920 532 72 562 368 172 409 263 322 512 4 735 958 430 139 98 972 528 779 455 669 950 239 617 35 224 96 282 519 255 502 623 285 471 796 24 470 539 712 721 627 656 32 549 764 360 785 504 939 898 802 587 218 855 589 294 58 267 233 501 707 3 738 296 811 333 600 803 552 374 160 636 571 26 442 682 405 324 478 220 271 399 976 461 181 420 245 798 681 515 423 70 914 927 889 715 654 222 347 825 53 176 814 486 534 813 818 674 801 295 412 995 612 377 567 629 680 988 427 686 178 994 861 789 652 110 689 934 92 773 865 429 969 966 605 41 874 354 793 540 384 578 542 963 446 582 725 38 179 685 115 474 487 34 503 343 895 936 952 906 495 795 242 146 596 959 358 723 499 756 91 480 729 356 112 140 340 998 719 842 21 630 618 736 51 586 905 23 875 650 805 436 317 943 790 204 344 644 763 492 277 781 303 726 912 826 524 980 505 716 857 116 800 57 246 80 437 300 568 638 910 385 877 878 404 426 810 33 772 182 606 924 991 921 573 642 833 520 357 257 661 585 50 254 489 49 438 259 714 353 392 10 997 379 974 114 170 211 275 266 376 81 664 226 990 135 143 318 1 543 472 660 646 632 640 631 251 922 449 175 298 527 717 380 124 248 509 884 367 536 668 513 755 651 494 316 929 68 5 593 739 862 591 270 894 444 167 101 435 954 989 315 537 858 508 47 56 565 677 69 216 390 432 111 381 29 31 6 869 836 942 229 22 466 228 598 574 788 299 590 88 711 971 907 189 364 705 498 256 730 153 238 403 897 48 770 120 378 213 485 687 456 465 232 168 187 599 234 911 673 806 649 46 967 774 812 118 491 560 458 832 710 452 273 76 791 154 44 287 145 886 1000 860 655 525 890 767 11 433 580 839 149 249 39 479 158 706 724 864 152 274 258 786 339 804 422 708 797 302 778 169 278 622 840 817 737 792 64 645 541 709 206 846 462 276 506 576 336 671 165 109 892 834 280 887 694 782 27 556 28 917 327 410 398 217 439 84 42 261 732 407 155 323 122 546 740 425 771 760 468 289 538 718 841 73 981 264 119 807 8 762 365 742 488 634 667 74 231 896 166 345 75 620 784 843 633 626 460 851 413 925 394 741 575 62 679 866 641 350 648 243 130 808 137 900 535 281 684 63 164 783 713 727 829 16 93 288 338 191 463 657 868 809 250
5000
465 2570 782 1186 4248 1472 992 2606 1764 587 4075 4507 859 2866 4342 3179 891 3295 4035 1634 109 2393 2752 2553 73 3736 2491 4385 2821 1423 1650 283 1503 3409 4648 246 406 3310 4260 3208 1483 4261 4038 4062 2184 3370 4691 2676 3083 4364 4696 3872 2521 2012 571 4497 523 2921 4744 4032 3865 3649 2552 4489 1292 4439 1871 3732 3592 989 4418 3842 2512 804 3567 1952 4175 2613 3479 285 4114 4100 2238 4509 2662 1804 3346 1118 2869 2162 1581 1271 2246 4311 3763 3129 4262 4263 1800 3585 3204 4730 2994 2685 3406 4682 3000 4938 576 2044 2974 442 3929 1308 561 724 4306 4504 2463 4332 3600 4400 352 1968 2649 2023 4502 755 2571 738 2889 522 4772 2551 2018 2838 3429 1444 2001 765 3116 828 4963 85 1419 402 2060 1877 1329 1552 4699 3999 1481 3505 2292 4426 2635 3434 1872 2658 3791 63 3921 4354 187 1510 3484 4313 542 4623 452 1787 188 4118 1356 2693 2165 1547 656 3760 1492 3427 3293 1662 1161 1718 2894 4788 3860 2356 2371 1870 4388 1569 987 3948 4073 1577 1125 3890 3571 4191 1839 2019 273 174 2224 4698 4920 3322 4271 2807 2778 3221 2561 2435 3342 803 1291 494 3463 4931 3737 196 2436 3333 157 161 4389 162 3075 320 3393 1692 4107 4258 3057 4738 2063 593 1104 967 1113 2643 3360 1474 3981 683 4087 3253 448 4148 105 2230 1077 3203 359 1701 3438 1480 2077 665 2476 1219 3771 170 3492 4359 176 935 917 715 1391 2529 4783 2361 3909 310 861 4554 3798 829 4190 4745 2607 2323 1783 3469 2672 1202 122 1548 670 4239 830 2086 1593 99 1221 3619 147 4436 4523 1237 217 3528 1733 2288 3334 3130 2646 3945 4527 1137 2369 4493 3113 1412 2157 1560 3875 2729 2583 2836 3044 2620 2771 4016 2443 4099 784 3542 4867 4490 4751 3126 4122 4412 4513 2083 2337 806 704 1482 3859 3418 669 3507 1039 3603 405 4855 538 813 2605 1498 745 956 1639 3356 3502 3579 3809 209 4555 4547 3137 2201 4153 3899 912 1205 2222 4647 32 701 4853 365 18 2896 2518 3257 1588 2390 4816 2385 1706 2808 2764 2262 3060 2924 2774 81 3477 2235 4378 661 3476 736 2276 3030 3102 1664 2364 3685 638 1629 4586 557 1851 3301 3535 3270 818 3992 560 564 1735 428 1909 720 1726 2290 4874 838 4471 4718 179 1204 3216 2714 3953 3410 3232 2160 1359 1678 434 295 651 1340 674 750 3108 1319 4368 4010 4737 1860 2955 3855 1488 807 94 1636 2839 1497 2674 4054 2414 3578 151 2167 3386 2833 4651 3743 1687 3268 3822 2531 42 4841 3550 680 1948 527 1254 1620 1441 1686 2881 3014 35 589 3280 2313 4763 3960 4881 3372 3024 2148 3095 3153 3635 4079 1183 3825 3566 2228 4413 4944 2631 3630 2575 212 4782 2365 2053 231 1447 1026 3038 286 4947 1314 2648 1341 3877 64 2610 2622 208 2439 4217 1355 506 2734 1107 3593 4773 4484 4845 2355 1959 4173 118 4157 505 3110 643 847 2876 482 3017 4637 245 2523 463 4759 3244 3776 2864 2386 236 4195 2140 4753 2542 3835 4684 3597 2735 3591 3098 1517 431 4821 2925 3621 4800 3320 1997 2264 2639 116 1164 3722 3485 1642 1591 4506 2050 1566 3380 4877 445 2391 1042 3717 3974 2180 1354 4330 1236 4178 2155 4689 3609 752 1509 4047 4969 4844 2486 53 3907 1743 4736 205 2732 4145 1753 2891 1500 2954 943 4849 1452 2256 3813 2740 45 826 1972 3422 4360 3026 2212 4971 4896 4986 319 450 2265 2973 2848 1635 3181 1059 1998 3762 551 4534 4518 2492 2152 1116 984 2153 3557 2722 1973 4125 21 175 307 3837 1263 3878 1587 1090 3369 454 3118 2196 334 1815 2437 744 1162 3840 1984 4243 1061 4933 2972 4161 1358 4665 1979 223 3647 4780 942 4470 1064 1551 3869 2496 2953 2536 1097 3659 1956 111 1416 4150 1640 903 4671 617 4776 4302 3716 1384 1432 1328 2368 1261 4959 1376 4511 3751 2533 1121 2835 1761 1859 4171 1080 4528 3177 2301 2244 3248 3233 4546 1117 839 4832 2715 3687 2070 4553 1826 4381 4106 3728 66 1142 991 3802 2874 4587 4673 1215 3879 1727 1214 1347 2615 1037 1473 703 3741 2540 2190 3121 1140 4022 1559 2525 2548 1156 3746 2308 2397 2438 1954 1331 191 4070 2062 2726 460 3377 4516 2905 922 1794 2846 2498 3298 1876 3396 4430 2047 2130 2872 3158 2090 1231 409 3996 4031 3993 3827 301 1406 4353 3328 4193 1975 3898 4424 2285 3133 4666 3149 166 4644 4305 1151 3107 775 4197 4857 4135 3381 939 3495 1401 4468 2609 3357 3020 141 644 1661 671 4154 1285 4992 128 2580 4893 2065 1388 1099 2172 3470 925 521 1195 1938 2412 3318 4708 588 1303 4903 2916 4117 4361 1777 820 4756 4635 3678 487 82 4147 4491 2626 3574 1081 1418 1209 572 4571 20 2158 2268 1456 3518 2254 3198 2034 3443 2803 946 1298 2170 371 2637 2037 2614 4339 2820 2787 391 1194 2604 4997 3065 1405 947 4383 1335 3162 3917 4669 2686 4949 872 2471 4632 2664 146 4294 2535 1067 4770 562 2321 2119 2059 3679 659 1409 420 1974 2566 586 4134 2008 892 689 2684 3986 1657 4732 3308 3588 1693 3458 2634 1936 898 2506 3545 3512 4446 1251 2006 3207 2267 1539 2981 4254 3684 3304 4101 2036 4304 138 696 2721 4848 4063 1478 688 2946 2828 4561 303 2073 3415 4733 3524 1453 1399 3375 3688 4886 1233 2198 1155 3660 1425 474 291 4915 3032 2653 198 758 817 2789 1535 2640 1345 4316 202 361 168 2255 4988 382 1320 787 2360 4450 640 331 707 4006 2472 2350 2460 1016 3048 4526 962 531 58 1521 4205 1111 1105 430 2171 3327 944 3311 4299 225 3066 2537 3527 620 278 500 3064 4809 4755 1818 216 4868 4628 4611 4080 1466 879 4919 4021 4727 95 4529 1575 722 2497 4887 717 2534 2612 3391 497 3183 3206 3958 4297 4395 3956 3240 1296 2706 1946 3586 4478 3351 4401 1043 3933 1290 2113 3811 4860 3580 154 2761 1603 1659 1381 1013 1828 324 1992 3881 3667 4965 4420 1363 3706 2832 3211 4712 3780 4265 3452 2248 1823 882 2597 3127 3305 547 4103 4940 1367 4499 184 4956 3087 3042 438 3965 152 3739 3285 910 1311 3661 1465 1141 580 1108 2592 2995 1130 2178 3143 1304 2132 2989 1585 2819 2944 1093 3385 884 1824 591 2457 2966 1779 2957 503 103 1786 1782 584 1682 1732 3432 330 2243 4803 3486 3538 2699 1014 2447 3498 57 4432 4645 2871 735 4728 3854 4774 2117 1750 3714 136 3754 655 1123 148 4907 3584 311 23 2045 3930 2211 1964 4643 2338 2274 4911 4515 990 299 2856 3922 4873 342 613 2868 4348 3766 2861 4097 1947 597 1181 4982 2227 691 1780 4427 1724 3464 3616 248 860 3283 902 1259 4925 2185 440 3446 3605 1694 2641 596 2137 3911 3988 3441 1073 1597 3454 2711 3815 4113 4108 4255 3651 2270 4458 2815 4162 4060 3989 123 4028 296 156 478 252 3094 7 4530 3303 4160 4593 1681 2000 1055 1002 3192 1101 1846 2110 1270 3093 1961 2166 4201 2970 4414 2054 2015 2629 4207 2378 2271 2513 3353 1199 1160 2645 2125 2969 74 4792 2483 2252 2219 1198 1046 422 2387 4253 1302 3227 985 3114 2485 1096 2095 4200 699 1380 4811 631 3215 548 3496 4317 4469 1411 4300 3560 3329 749 3178 1389 625 4512 1896 3691 4668 2136 1809 612 1393 2984 4085 2742 555 4638 1858 413 1558 832 1040 2408 2489 466 556 2753 3332 4715 3465 1029 2334 2038 2682 1149 4634 945 1610 3228 3079 4966 1996 574 2208 1630 446 1224 4568 1853 4211 712 256 338 4521 3747 1281 954 742 2203 1257 1562 1196 676 54 4467 3880 3541 1652 3770 1847 2175 4862 19 2173 4710 4298 3213 874 624 740 896 2777 1315 1586 2048 1369 1225 4680 2367 502 4269 1477 3275 2075 3365 4179 3534 3349 1790 2543 1646 568 4752 793 167 4221 2275 4818 4798 1395 4720 4076 2823 1697 4039 96 1428 1707 4646 1720 4164 1834 4781 3002 3514 127 3589 2129 2574 2915 3475 2005 4517 1252 3818 792 4602 682 1249 1440 125 4033 172 3161 2977 4176 1208 1671 4181 3171 4256 4598 550 4714 385 1970 3868 2451 1615 2398 1825 3417 1573 1197 1670 2565 4268 4784 1545 3904 91 3005 4451 4218 2865 3643 2052 313 3151 2796 1945 4234 1949 62 3708 1760 4864 4325 2744 1767 785 2085 4352 486 267 2885 2694 4429 2557 3778 1154 3335 3117 841 4318 476 4636 1772 4979 4659 214 2041 3323 4140 3883 2940 2897 4885 4415 3405 3914 4296 1604 1655 4441 1129 2517 369 2056 1189 1431 4624 4466 3172 40 3607 1965 1842 976 107 3271 4539 1892 3090 1862 952 809 1864 1216 559 4619 3704 3801 2882 2961 4445 698 3611 3174 2478 1725 46 2713 3152 938 3817 1373 3141 525 1230 1004 1849 3412 537 3036 1012 3748 433 2067 1700 4308 1668 4551 4132 4585 424 1880 13 2547 4614 4760 4044 3489 2273 2677 2381 3821 3442 3973 4987 4955 3759 2663 4149 1789 1843 1995 4003 3769 1239 328 1658 1180 1633 150 2500 4247 4970 888 1244 4676 2814 4725 345 388 3803 3668 3338 543 4670 1915 1309 4882 210 4120 370 3757 875 3236 4144 2952 2258 2074 2133 1038 4270 404 417 4786 2878 4929 4170 848 3340 121 4861 4363 3165 3491 3273 577 2351 1229 2448 1854 3731 238 2516 1710 619 4695 510 2206 1201 1564 104 732 3230 2830 2950 288 1987 965 3891 1971 3027 4998 394 4739 4562 628 1740 4758 1294 3366 4109 2499 3612 3034 2931 3777 1188 3147 3761 1907 1027 1269 4437 226 4422 4284 3544 2333 4238 1883 4187 2903 2741 1370 1528 2221 3857 3866 228 4629 3564 1999 961 3641 2849 1360 3727 1957 1616 2146 986 3792 479 3097 3467 1486 4227 4307 3742 2748 419 2825 3347 783 1337 4926 3281 4230 3876 974 662 2495 3435 2795 2587 4990 2295 242 2138 3292 2968 39 2 4984 2151 649 871 3916 4538 1000 3402 948 2342 2945 1820 1307 2066 1274 178 4 469 4004 4889 2532 2232 3456 3602 2107 3690 1060 814 4536 4390 1048 4011 4204 3724 24 2377 779 3978 1212 2112 4892 4661 1677 1776 2960 4793 3339 2145 4590 2900 1109 4194 189 3408 2890 2983 690 1436 4508 389 1746 4660 1511 2109 4672 4373 918 190 4382 80 4404 3671 1461 4960 508 1404 3623 336 3618 3251 3519 4485 363 1841 3128 713 2372 4895 3003 1673 3105 4805 2042 515 4522 2004 2812 3430 1446 9 3515 3345 3645 1091 4001 714 1283 3407 2556 3368 1738 4096 3773 794 4111 960 2306 48 3676 3889 897 3755 4550 4287 4083 2401 4904 4464 3614 4701 658 2320 1374 3540 462 4828 4152 3867 529 2466 2515 2283 761 664 1468 3913 4048 3136 2644 3658 4192 2427 3529 3927 4461 3019 3300 4603 1398 3576 3290 4520 274 2862 1830 1879 4510 1439 2616 3260 2671 864 2328 3625 2493 1361 3252 2481 1178 36 197 1034 4697 2988 1018 3673 1589 3806 751 4734 1499 4775 1438 3543 936 2484 2186 1626 3466 4713 1005 4463 312 247 3522 3987 3982 3775 708 1817 3341 2209 4037 3457 3154 1191 4839 4876 1666 3401 3307 2690 2432 4067 2859 2444 4838 1902 4379 1931 289 3720 2464 498 2156 1277 2327 1264 579 34 3994 2884 2541 456 2043 3653 4051 1435 484 4827 831 4891 2029 1608 1085 490 3398 4301 1679 4208 833 2599 1868 374 3282 4226 1850 4384 798 1534 2912 1200 2093 876 1939 3416 3131 3937 3839 3915 4416 4812 1680 3390 677 1628 4595 3565 4626 4946 2003 4690 705 1762 4314 1351 414 3191 101 4289 2962 2999 2793 3701 767 4406 1397 4810 2765 2822 3160 98 3411 3887 639 3675 4719 240 4219 3949 1980 4123 1458 2590 3124 863 4323 4447 2549 4428 3562 4677 2213 2763 3961 1165 2237 4216 3378 1595 241 2511 353 1609 675 3559 358 383 4870 2091 3551 14 2192 3910 1833 1008 1675 1625 4320 4790 1584 4974 2642 4503 250 2380 2046 743 2829 341 27 3103 1563 2143 2508 3468 1918 747 4604 2347 3053 1023 2837 3155 4327 3473 4567 230 3217 590 1084 1494 4834 2101 1243 776 2702 4700 4524 795 2115 3972 4901 4631 972 3299 163 4206 2384 1538 2289 3918 2520 2229 757 284 1250 4531 308 3920 203 3980 2032 3539 3245 117 2027 1537 2302 4266 3723 3120 4492 611 4826 4116 2651 4407 2716 3201 1424 4640 2422 3979 1930 2991 4731 1605 1275 1886 4950 3627 2104 2098 4722 3587 553 2979 1514 4174 3577 114 3397 1533 4633 3084 1950 4806 1136 4252 726 1925 1771 3954 2450 3287 3831 4351 2652 1041 2135 1994 2886 354 822 4387 2249 1881 3847 4570 4215 2440 2458 4496 2300 276 1185 1089 4250 4657 1069 1765 1647 1253 1110 3354 3054 4310 3445 2600 2906 1519 3138 834 2488 2943 2746 4663 514 1451 4742 1711 3942 3235 3695 2577 4764 3288 4557 8 4333 4340 1583 1544 451 994 4403 2687 2936 2441 2576 2730 2055 4356 4964 4540 2470 2480 1379 1874 2164 1524 3749 2901 2116 3462 4349 384 3925 1568 4159 2477 1457 512 2405 2650 636 4842 322 3091 1527 3170 375 2951 1495 3805 2253 68 3681 1133 2704 2806 3493 1047 2596 300 4973 3006 3237 1020 4726 3367 1255 164 3404 3080 2445 2656 2118 3726 1739 526 791 1217 131 4813 3841 819 569 4142 2329 3202 3226 3856 4088 3286 1193 4505 3799 906 1976 221 1775 2120 3885 2216 1051 866 120 1580 1699 4639 4856 2782 1506 2883 4180 4139 3238 979 1536 2215 528 511 1816 2210 1614 51 1119 182 2272 2790 3967 1295 1683 3828 1276 4612 4716 3752 297 1001 3710 3874 2007 3242 1611 3977 4706 4224 2967 4916 1218 1159 2141 2341 4924 949 4851 608 3525 3189 1184 4158 3964 1112 4421 3689 2853 1362 201 3533 1618 2233 2854 853 2996 3902 3254 2024 4762 1891 129 2840 2163 3173 598 2589 652 77 2467 4704 605 4184 1003 2051 4041 2315 2780 3082 3871 2784 4830 72 964 1522 2316 3196 558 224 4344 1491 2482 3106 2039 3995 4151 1951 4209 2728 684 4267 3509 4767 630 2971 4155 4654 2965 857 1986 2892 3001 1751 429 441 4954 2647 4473 3882 2465 733 4090 2791 3852 4875 645 2847 1305 4273 3750 2683 4906 3561 594 2578 2632 4852 1983 769 2357 4951 850 3387 3595 667 2183 2698 545 2667 2887 4465 4246 4843 3787 4229 398 1150 2366 1878 2680 1889 1513 1582 3636 2919 2240 309 1623 2733 2696 4580 3820 2723 3073 2628 87 1901 3923 2218 2124 4026 4336 387 2935 1916 1793 3249 3939 2805 772 3843 3190 485 1166 3531 455 3450 2804 1557 1256 963 4431 4417 3436 1106 392 269 2899 1300 1667 47 1737 3997 1791 169 1845 1766 2904 4825 1719 4847 2307 3699 3234 4399 2591 3713 1672 2798 113 3150 2772 2318 3018 2980 2799 599 200 3570 1989 1 464 3074 1920 4321 1890 2573 3682 663 281 69 1734 4543 3414 4112 2468 975 4196 2783 4347 266 3350 1526 2392 3794 718 4544 2200 1422 632 1505 3156 3219 3946 702 1894 2731 2475 28 2147 316 3932 348 2524 2362 4746 1463 1778 2554 3665 1327 920 2150 4007 4210 2669 1897 4008 1127 1855 1763 3508 1057 2507 3122 2766 3712 3046 2343 2926 134 2538 1942 1228 3499 2241 4863 2121 1227 3648 4573 3517 3086 112 4078 1795 1377 2749 3101 4225 766 244 343 950 2863 3319 966 1036 4616 3664 3686 3510 2035 1502 716 1806 4486 2670 4358 293 959 600 2939 969 3047 3403 4888 347 4077 1420 1262 443 3439 3070 1708 17 4819 1905 2297 2898 4131 3669 4576 4750 3634 3772 1114 4583 275 97 2817 2697 1799 3259 673 1838 977 344 2399 258 815 489 2603 1712 2976 4948 2559 1822 3971 3546 3832 29 4500 306 4610 4563 1728 1301 4802 2964 2918 139 3521 3568 997 1590 1402 4814 373 2792 2406 337 909 2324 3140 2231 2304 1175 3924 3768 1861 1135 100 145 3099 3343 1476 11 326 2312 981 4066 1810 4020 280 1485 4064 1811 4474 249 4202 108 4831 731 3858 4559 2843 3188 4199 180 2585 582 2234 4541 854 1092 865 2627 518 4242 573 119 2373 2630 3797 4519 1982 1643 2738 4883 2188 366 1632 260 1576 4068 2923 1893 3261 4324 3224 3959 2598 2834 3573 1272 2902 1187 1619 1098 3239 621 4574 4129 4613 887 4479 1684 4662 2625 158 4136 4724 439 3613 1339 1122 3558 2527 4009 2655 84 2033 3692 1606 614 1752 592 1549 1774 3067 2330 4444 93 2681 3214 904 160 2519 427 3159 1143 1981 4346 25 3112 2251 877 1015 626 1649 3433 1922 1148 1747 453 4438 3045 3262 789 376 71 4658 1570 1516 4789 4029 4902 2154 364 4962 1343 2473 3631 2959 3321 2754 2096 4514 737 2775 3025 930 697 3642 2675 1565 2490 4833 796 2197 1709 1508 4214 3195 4434 924 3041 4337 1366 778 290 4905 3897 4743 3119 3819 3400 700 3926 2299 2446 3426 3862 2910 1798 4791 1913 3892 1273 37 641 3199 2226 1988 2709 356 4533 3382 1518 2429 3490 3894 380 695 1866 3674 56 2269 3163 4681 2442 3455 229 1167 570 3051 4794 4264 1074 4675 4133 2416 2088 31 3549 4914 2358 2595 3838 399 595 2123 734 207 851 2424 2353 2618 1030 4871 3632 4402 3063 4945 1601 4343 1266 1490 4460 4280 4377 1344 4487 3274 4642 2311 615 3362 4167 996 1784 3167 1507 1126 254 2069 3197 1445 999 1865 467 1599 2692 1226 869 423 60 1910 4137 1063 4290 2956 218 3135 1082 3610 4627 603 2743 3790 654 4119 3182 604 459 3928 4921 1827 2017 982 4934 2247 1223 3421 144 4909 3 748 1501 2236 1607 3055 3294 2660 1887 4477 329 3789 2009 2550 3738 4721 2220 2434 3315 4303 3373 2332 4709 762 4808 2975 1504 279 2593 1009 4005 492 4823 2376 4081 3078 4391 4186 3962 901 3644 3804 457 1334 4556 3359 1844 22 1278 3247 2562 257 1065 1087 3210 2179 4449 1493 3056 3062 1546 1100 2149 2928 849 2114 3461 1426 4319 155 4620 1279 346 852 2879 447 2134 4565 1421 1748 2818 4203 1427 3413 1685 2582 4058 3555 3021 3142 1933 837 3552 2286 67 799 3049 199 2987 1163 2528 65 2633 4577 3663 43 993 4968 739 3582 3331 867 4185 856 3388 4890 845 2225 3683 4257 4228 3721 968 1206 171 3598 4002 4687 3626 4884 3399 4900 50 1368 1115 3269 3556 1371 3873 4815 1321 618 4102 1429 1654 412 4740 3850 2407 1455 2786 2888 2907 2189 3246 4967 270 372 3449 3220 883 2379 953 2415 1567 4244 4334 206 2382 843 1365 889 2411 4655 811 294 1070 1512 1448 800 4735 1147 1579 4367 458 1066 1613 2949 2873 1475 797 92 4212 1313 1515 4369 2354 473 3785 2555 2294 4084 4433 2986 1471 2057 4977 2893 2068 3947 970 75 1742 1836 418 3176 4878 929 2659 1102 1532 3943 4650 292 3957 932 3940 3983 933 1940 4894 3756 1955 1754 1086 2666 1316 1543 1286 602 4866 3068 4376 4056 1937 788 2558 4807 332 1139 4138 2082 2014 1138 2279 4374 173 3336 3037 3444 2169 2691 3753 4023 1430 4018 4618 2717 3500 723 2127 544 905 4804 3016 692 535 3896 355 610 1056 3132 4043 314 1900 1245 1394 2710 1914 3824 3655 4408 519 4995 4778 1258 1769 2958 931 3352 3104 4012 4579 3096 4525 3729 1773 2938 1325 1053 4957 1260 3952 3782 937 1094 2908 764 1788 2396 3392 730 3146 185 2100 4692 4707 958 2992 4241 3497 3633 4552 177 4189 4908 2797 2106 1375 3646 3494 3816 1293 15 3781 2544 1637 1299 650 753 3487 1120 3258 3223 4961 3599 1487 754 4952 4622 934 693 2459 3537 4045 232 1247 3572 3205 3009 4213 3893 52 3111 4991 1660 1211 3833 2827 140 727 4649 824 2788 3279 563 998 4749 4231 3984 583 4678 4694 3324 4288 1561 4840 4000 2199 827 3608 760 3145 3157 4761 3849 1242 4392 3707 4328 3908 3480 4249 1267 3976 2282 4293 287 2638 4183 3657 3516 1758 2502 1021 1144 2194 4017 513 1207 1469 1284 483 437 2801 2845 4453 1888 1372 4222 4582 4082 3700 725 4040 3033 12 1911 1346 2654 3297 1904 3810 272 995 4397 421 3905 940 1467 711 4240 1385 4703 3481 253 1392 3139 4283 955 3765 2108 4917 3830 1382 1052 4053 4999 3081 1028 2319 1415 3175 1831 1176 919 403 302 2094 2092 3705 425 3478 1462 1541 4198 2344 1921 315 1378 4930 3709 2932 4232 1797 2352 1386 495 3652 4121 1967 1698 1083 3243 1631 983 2375 3807 4488 4594 890 3968 3963 2064 4286 781 1280 4052 709 3975 3990 4564 1220 4425 1240 2257 657 4922 921 2291 3052 1621 2176 1153 88 26 1729 2993 2363 2266 3431 4976 1969 2296 222 3459 3089 1489 4897 3265 1022 1730 3895 1882 1755 1324 1991 3793 38 1496 927 2913 115 1336 3071 2579 1323 1899 234 4854 1715 1464 816 2679 3348 3666 4599 2245 2335 530 4046 2389 4282 2857 1330 4375 4165 862 1829 3590 2348 4566 3931 2061 1594 4572 4146 181 1656 3447 1470 4394 1460 1801 3718 461 3200 2430 770 3594 4899 4172 2281 368 4879 2712 2695 2076 3379 3654 3306 825 4093 687 3148 2263 2410 846 627 2417 2860 728 840 2449 2494 2072 4605 1192 130 2617 4935 3004 3795 4034 1010 3164 4274 2260 4796 2388 4074 90 5000 3774 2855 2413 1821 741 4779 1088 2509 1612 1832 2759 4641 855 132 321 1622 4322 4785 2668 554 3284 2762 4836 4398 2223 629 381 3697 233 3425 1802 3934 2431 3826 516 16 2174 3166 159 3834 1691 835 2858 3912 2739 4315 1525 2403 255 1768 1131 265 2990 2420 4787 2139 1203 2111 2526 4059 893 509 192 2809 1857 2040 335 4501 397 2325 3808 4766 1665 1531 2852 520 3812 2142 3532 1414 3639 2278 3998 3008 1387 3575 2688 1443 3702 1158 1917 2161 706 4685 3694 4472 367 2569 4656 4104 4410 3218 4918 1813 1352 4279 2769 1963 3460 4769 1553 2937 3076 1978 3061 3604 501 4326 2287 4291 2310 219 1006 2433 3784 3919 4985 1674 2205 633 1396 2177 4741 1645 3212 1617 1741 3255 2678 3194 4168 2933 913 1578 1749 4335 194 4089 317 415 4978 4980 3423 566 3758 1287 2474 4292 1716 3263 812 4019 4674 2425 1318 2204 836 4295 1152 4448 694 4872 2588 124 3437 235 3650 1835 756 4050 3011 1960 2581 259 1442 585 2880 2452 2058 2345 4110 2942 2339 607 1058 213 2102 1031 2016 3040 3735 4236 2745 4372 3620 4747 3169 3277 2503 4859 2760 4858 4259 264 2776 4013 2022 1651 4355 4765 1310 1174 4822 3029 1676 1927 2479 3072 517 1571 4483 3088 1145 3853 3788 193 1745 2750 4396 637 1235 86 2144 1268 3389 4480 3371 4748 2421 3640 3966 3267 4350 360 4069 777 3944 2673 2700 4235 1289 1648 4981 2359 2621 2927 4459 802 271 808 3058 1210 4679 4757 957 2781 1103 3601 496 2602 3677 204 2870 41 2720 2963 4850 1045 4581 481 810 126 2504 4607 471 873 2336 4405 3800 1322 926 298 30 801 2126 3376 4128 4027 2084 2303 2128 1731 1808 4820 1170 3471 1934 971 729 4575 2426 2947 1757 2383 3483 1704 578 6 1744 3520 2453 1306 771 1357 842 3733 1234 3523 2346 3719 870 3941 2757 3440 2510 1962 2202 2584 416 672 470 3296 3617 507 686 567 407 4251 3504 3035 524 2842 4030 4072 978 220 1554 79 2725 3680 773 142 2454 3276 3553 2737 4188 1875 3231 227 4042 4797 195 1863 721 61 2195 3291 1908 746 2851 622 1641 3888 3548 3530 681 4094 165 2455 4972 1935 1383 3059 3361 449 634 2250 4442 1078 2572 3337 1867 2564 4942 1869 251 914 1703 900 1919 3583 2374 1332 1958 668 2877 3767 601 2419 1011 83 899 1062 2501 133 491 3501 3043 1721 4729 3506 4272 1856 493 575 472 4329 3740 4091 2768 4393 2317 635 239 143 941 1437 4275 44 4686 4569 4754 3092 3209 1837 3488 2071 4277 3513 4936 3786 2089 1873 2665 377 3077 4366 1792 10 1213 3384 1819 1966 1953 2948 2751 3938 4105 2701 1696 774 1638 3628 1076 2207 1627 4865 540 444 2785 2560 3344 3851 432 3844 3317 4545 2078 1408 3374 3187 4095 1943 3039 70 263 928 401 3100 4409 678 2326 4777 2844 2546 1050 4683 4702 4923 3698 1172 4535 881 3796 1433 488 2636 4943 3472 211 973 2011 3278 3985 4589 907 89 1781 1019 4795 4457 1417 805 1407 480 3144 5 4362 4928 4601 349 552 4801 710 4558 340 3950 4652 1390 3222 1317 2619 4014 2661 2909 110 2756 400 1542 1173 305 4127 3395 2259 4837 2331 2021 153 268 3302 1928 2718 106 2031 2773 1523 1688 59 395 2028 1690 1906 3424 1450 426 4588 325 3547 1454 4163 2911 3656 362 1598 1714 3863 4653 951 4688 1785 3314 2794 4898 4560 4824 3884 3696 3637 1241 2002 1095 3272 1596 2280 3845 908 4846 1556 4549 1124 2601 4380 2689 4996 2934 2657 4452 3012 3225 1434 1413 1171 2802 2370 4994 4600 1993 102 1624 2191 1044 4953 1702 4443 1246 3013 4065 3115 435 2623 4345 623 3031 323 3394 2895 2719 844 916 3326 4880 2402 1592 4941 2707 3229 539 2400 4606 4913 1529 565 1072 1265 4281 408 4237 2293 4182 3451 3448 1353 4939 1572 78 4049 3312 3814 1169 1555 980 49 2105 642 1803 534 261 1033 3184 2831 3744 4285 1736 3419 3886 1990 1985 2122 2013 2340 135 4025 660 4071 1326 2611 4309 648 1333 333 3022 3050 1722 3134 3581 4130 2284 1807 378 504 4143 679 2159 4169 2217 4932 393 149 4455 410 1540 2081 1079 3670 3662 2214 1689 1600 2811 186 911 1653 1924 3955 3309 3023 1349 4233 1912 2487 1705 2724 1756 823 243 3028 2242 2522 2395 894 2703 436 1903 1840 1479 3745 3109 4276 2030 2530 1550 76 237 1410 2998 4357 3848 3358 2747 1932 4592 282 4338 475 1852 2261 1182 1713 2539 3951 1134 1179 183 4341 653 786 2917 4667 4869 3870 2922 4331 1848 2875 4312 1812 895 2708 1929 1054 2099 536 1941 4608 3330 2920 2779 3864 3711 886 1007 3256 647 4462 3241 2568 4036 3007 386 3289 988 3969 4927 2025 1288 1146 2428 3936 277 1222 351 1449 4609 4411 1663 2545 4817 1068 2277 1350 4711 2816 4092 4015 1297 4537 2418 2409 1459 4717 1177 2800 880 2020 3703 532 3622 55 666 1717 2586 3363 3511 327 3325 3991 2305 3935 2461 2567 2131 4584 2026 581 1348 821 3693 1238 4166 4156 3266 1248 3846 3536 4542 3563 4419 3482 2705 2826 4371 2049 4615 4098 4975 2087 3168 2624 759 2914 4494 411 2767 4115 4617 4220 2997 1574 4597 2608 3730 4548 3624 1024 1520 3428 2978 1017 1168 1723 3180 4024 2930 3901 2514 3606 868 1695 3015 4532 2594 4245 3715 3010 1190 3903 2758 304 2985 606 2867 1312 533 3264 4055 3734 2097 3900 3069 1796 1759 1805 2941 2841 4370 4621 4596 1814 3861 1484 137 1338 3629 468 33 616 1530 763 1977 2168 4177 2103 1895 1364 4423 4693 3823 3615 4937 3596 1032 1025 3503 215 3779 379 4630 2010 4912 2193 262 878 4664 318 1884 4993 1923 2309 3193 2239 646 858 3474 2349 4124 4495 2824 2736 1602 4061 4482 2181 685 4910 4835 915 4454 3420 499 4481 1232 3123 3783 4475 4456 3250 549 4435 4983 2982 2456 3970 3526 4799 3554 546 4958 2929 719 2469 350 2770 4223 4365 4386 4057 3725 4705 923 1035 1075 4498 1770 3313 2314 609 1400 3453 1132 396 3836 339 3638 2755 4723 1282 3125 4440 3383 2563 4086 541 1669 2187 2182 2404 2394 4768 2322 2850 4625 4989 3085 3829 390 4771 3186 4591 1944 4578 768 1885 2298 2810 780 790 2423 1071 3672 4141 2813 2727 1157 4476 1403 2080 3906 1898 1644 357 1342 3316 885 2462 3569 3364 3764 1128 4126 2079 4829 3355 1049 2505 3185 4278 1926 477
10000
3342 5942 9241 1661 1168 6783 2772 6578 7518 4265 7320 4814 3439 5442 6303 451 730 7281 8305 9988 5429 1104 7046 3213 6995 4281 479 937 2107 8742 7973 681 4159 2175 4012 5797 6114 7881 8021 9766 8384 3003 2465 8885 4819 9533 6554 5874 1912 5108 615 9184 7939 1595 375 1868 6394 2246 5049 6928 7394 9884 9154 6169 9162 6456 7964 1303 1335 174 5076 586 7237 7345 9408 1602 7628 1937 1733 9730 6497 9998 522 8992 2162 8931 7416 7369 4505 7258 2605 2985 6547 2857 6214 8411 3493 7790 7481 8533 1643 1841 1996 5582 4596 1599 7252 2600 8166 9983 6338 6793 402 492 9905 7711 3676 651 3267 4242 1464 5423 5216 3271 9477 36 5057 7614 9961 1195 809 6523 6205 8918 8643 5248 9060 8496 9461 9404 7999 1353 799 1014 7011 9991 6190 3543 764 7580 2161 6475 3104 3646 6825 9253 1007 399 6528 9720 4979 4317 1949 3879 7532 6084 9218 7762 6372 6080 3224 4967 664 9001 7240 3892 3503 2930 7055 9295 7617 4651 5648 7127 8958 6949 9258 2707 4253 220 4888 2669 7776 5195 7509 3730 477 8044 2204 2287 9912 3319 8385 2947 4049 473 1739 4227 292 5938 6664 7945 9453 6326 4028 907 3055 5679 225 1892 9942 8108 3225 2173 9915 4983 8412 5371 9893 7294 8088 3850 6677 6672 2060 8721 8527 7064 519 8515 3273 4605 5089 9638 5003 8045 9216 571 9052 2036 2908 1601 2533 6256 9619 7198 8074 2589 683 7188 9038 1132 3843 6085 3110 7096 6348 8764 437 4953 1309 7121 2944 2939 5285 5968 738 3134 2993 156 8927 4197 1254 5309 2335 4540 3196 3074 9041 3810 1062 8118 1722 8635 8943 6239 7102 2844 461 1009 546 6556 2069 3081 8410 6909 1125 2398 8526 2613 443 3440 3627 8587 3837 3641 5933 8793 4738 8608 8541 2702 7752 6751 160 45 5864 2688 992 9228 959 3735 3794 7545 4082 3145 2255 4238 4815 8920 6782 9339 8623 6649 9559 8143 9979 5258 9945 2520 1792 2395 9535 5336 5409 4300 6623 4001 1331 4569 86 5156 9751 9745 813 3172 8104 5946 2308 6279 1124 950 1891 7189 5046 1886 6379 8586 5105 890 5645 986 663 357 8679 4008 8937 463 414 2915 1876 6450 8759 8238 9432 1985 3201 5729 3584 4932 1944 8567 1373 9712 9360 6265 8403 3833 7678 3301 7513 4164 3751 2584 6933 2085 1606 3288 4931 5495 7962 7465 6553 113 8107 6291 7215 9005 8028 8493 3766 7075 2995 8770 132 2751 4222 1799 8362 6636 9550 9217 8912 790 2646 3040 5002 3194 5899 2625 9261 7681 940 1144 7435 418 5808 2539 5404 6251 632 488 5646 2456 1046 6883 8323 5064 2758 7626 1663 1490 8303 3292 6784 7876 2786 8177 3424 1318 9815 4654 6978 8066 3461 3694 6415 1129 7282 734 7947 7110 8072 2275 30 1219 5752 7942 9678 1532 872 4149 1635 820 8141 3651 311 152 9615 9203 3915 7174 9351 2262 16 2775 4671 326 7690 5023 2471 9517 2882 5670 2766 2507 5147 9158 8559 8098 2618 7057 9011 5560 9696 933 4442 3900 2160 5406 1395 2104 4676 4872 8730 2617 6894 9836 3154 8946 9234 7589 8833 4721 5897 7132 1787 4997 3511 6718 512 5941 4733 4188 3183 9414 4750 9299 9500 373 1020 1135 9225 3668 8956 3219 6941 4449 1639 5835 6306 9561 2599 7329 247 5340 5714 2291 421 8671 568 1738 8823 4525 7131 727 180 1365 9278 5711 6865 9624 8086 8854 6353 3011 9823 1923 5596 3923 1344 5501 6077 1953 1340 4384 514 146 3913 9820 9420 34 7288 8941 5134 1086 2477 7721 8884 4968 7574 6715 3369 2548 6094 6430 3608 7244 9350 8122 4909 6046 2815 1573 1499 2350 2934 1477 5452 6859 144 8825 2500 77 1524 5016 8231 3828 3259 2242 4335 6879 8503 4687 8881 452 5588 4454 199 9357 6929 3153 1450 384 5071 7575 810 6993 4714 3805 5972 2424 7236 9281 614 3234 2986 1906 8666 1774 8128 2978 983 5688 7309 1507 1297 8551 5703 8519 3944 6067 9914 7161 133 3829 9743 1854 3612 8803 926 4084 9982 8321 7462 102 8463 8891 6506 61 4446 9636 4208 5114 6914 9277 1423 9429 2446 3072 429 2002 4151 9804 7171 7907 837 1748 5923 5978 8615 71 6747 5026 3515 7231 7159 1679 9690 6559 9065 7020 3364 1234 5417 4822 343 8115 8906 6657 6921 3568 9695 1459 8048 6543 4186 8446 8121 8386 5040 543 3796 856 9864 6729 8274 8437 5079 3195 3778 8504 4396 8782 3597 1961 7471 3514 9644 7135 7683 4895 6676 1202 1820 8534 7585 8194 2024 8904 793 7381 7806 9529 8887 8110 3417 566 9168 5753 9669 9701 4665 3990 7267 2755 9312 9129 4930 4348 7191 364 993 8466 9886 642 2880 6749 9215 6339 5369 5009 1701 8200 7680 308 8133 9679 4355 768 8324 2432 154 2784 3335 8605 3601 2250 859 7414 6866 862 1990 7393 5817 671 8862 6626 3175 1784 3758 6529 9124 4492 8576 8174 1771 8847 6685 9748 1148 3614 8147 7338 3100 2684 535 6282 3932 6250 4855 3306 7961 3558 6861 447 2153 7256 4961 8313 5198 8452 371 9897 603 8300 9192 3169 7230 422 1049 8565 5378 5477 9186 5622 7512 9685 9940 63 7818 7687 5140 8036 7323 797 9637 7469 68 4660 2752 1304 80 4702 9067 6148 255 3049 3168 8077 6196 4323 7476 8111 7631 6979 2674 977 2301 8320 852 6182 4359 6294 3980 3468 6457 8234 2182 5061 4851 4009 5766 3855 8893 4548 4678 2412 596 8621 1372 7114 4291 9698 8025 7022 3491 6124 6002 4753 2401 2593 3516 9249 4173 6925 3354 8331 8562 8499 1612 9583 1721 2521 5261 465 5264 9913 2554 2899 3917 7385 9297 840 6012 9250 9387 8560 8571 5263 8684 9557 3848 9578 9845 5724 3960 925 9885 5780 252 5238 687 4644 6725 4929 4158 4951 5353 5555 2656 501 6209 4869 1790 3901 3994 2918 8535 6920 7697 4389 7247 5136 2328 7200 553 7037 1215 5391 710 5324 4523 3655 2781 6361 6582 8552 3239 4846 4570 8060 7616 376 5412 3520 3724 4360 1905 7519 1027 299 7958 3485 7287 8065 6904 4223 4943 1723 4410 6329 1859 3690 79 90 9344 5052 2581 9607 3826 7221 4393 1096 5661 1888 9438 324 8537 6253 6225 5764 8584 7080 6700 5146 5716 8692 1885 1482 8458 5321 56 4088 3413 9487 844 4802 9688 9920 249 4039 8772 9817 5889 5748 5612 3087 9772 7475 5598 3193 1951 2846 4780 4587 9495 8448 6406 472 5058 7998 540 6485 1969 8737 5464 9178 1142 4331 5802 9703 9564 1044 8336 7461 1942 3954 3715 8965 3078 4566 6397 5875 5796 5737 9668 8555 4913 4585 7219 8500 4067 6550 4543 4098 6013 7190 5995 6724 5314 7813 2514 7735 3036 9489 5447 7510 5952 8646 4473 2716 1691 2261 1946 2787 7059 1847 4358 287 9136 6345 8892 9505 9622 2959 163 353 257 9838 6854 622 1329 741 4546 5256 6235 9389 6019 6946 3311 6986 425 1347 8179 9435 7884 9036 7669 6848 6907 931 7920 9069 804 6206 426 5171 2612 41 7437 9448 7822 7279 7673 976 5749 8949 559 3928 7387 4176 5807 8248 3666 7343 6667 9451 359 6558 5449 7442 4996 3615 1783 1894 5291 7594 8399 355 9220 3462 6175 6439 811 5173 846 4099 1115 1797 2630 1066 5153 719 4897 1337 8907 5224 9923 7983 5522 2644 939 898 9132 6133 2717 5084 7654 2691 8229 8528 3667 5213 6293 6296 9852 2370 7436 1977 7382 6905 5623 6074 9054 1262 5408 3334 9534 4821 3208 5823 9444 1377 7858 4641 935 6851 8836 1319 4286 3628 2440 1780 7043 7562 6441 7412 7774 9683 5352 9381 4194 5970 3190 8338 8695 7463 7257 7849 9526 2653 5520 8898 853 202 5586 3000 2068 4852 3452 8250 9081 626 968 8170 5493 9642 7150 6363 9314 3800 1795 1736 5237 8378 4833 6938 9542 6614 1580 749 7205 4204 4734 4944 8860 2083 4296 5451 7000 5613 8345 5592 1130 358 3248 8408 6113 2209 6746 9000 8400 263 2064 4372 1165 4758 4848 6499 4120 3577 3689 4357 9560 5840 700 7158 3943 1698 4603 7728 3137 505 8706 3653 1167 6508 2601 7834 8286 7538 1751 6629 2356 8982 8223 2256 5302 372 5722 5772 7657 3819 4400 325 915 9473 777 6274 7841 7271 3200 9400 6981 5165 8295 4271 2757 4656 3522 1205 310 861 1408 9769 8094 9331 394 4726 9736 9463 8734 9300 8439 6423 350 1955 4356 4229 7078 2726 9741 8009 7138 7685 2251 3380 8652 6429 8549 6079 8838 2891 509 7844 2813 7912 9189 9926 5381 9462 1037 7058 5218 96 1900 3787 3451 6604 1828 4312 3033 9980 9941 233 4957 9255 8061 3247 2824 4686 4571 217 2274 9109 5370 3703 6181 4916 8694 3125 6230 6639 7724 2029 185 6231 6971 4925 7963 3381 5556 1956 193 5977 5553 9854 8961 5794 2494 6125 9670 4936 9394 4748 3959 4152 6100 1811 203 3999 4071 412 9613 8153 1800 1362 5419 7141 7740 3476 2667 8372 5277 9896 319 9997 818 4261 6340 5296 4618 908 3176 1186 3979 2657 2501 9502 6906 9319 6744 807 6788 2305 9497 6217 5572 2569 8480 8981 9686 1103 4892 9100 5563 9055 9256 878 5241 1848 2854 657 3308 854 2396 1898 3392 702 9594 9064 8739 1839 7702 5910 697 3554 7855 8984 1085 2513 6039 3218 3521 245 752 6774 6468 762 3902 6679 2075 9340 3240 4177 5619 2028 8902 1451 1307 333 6297 2449 8046 5755 635 6245 4284 5739 6178 4807 7996 4034 348 4472 3732 5307 7864 8348 1069 2575 747 7175 6068 4094 4096 6579 8034 5549 5286 230 2638 7156 9449 886 9948 4544 9459 8389 5992 4564 6600 787 4558 6803 2629 498 6412 8383 4635 9491 2666 701 3339 9111 6278 2761 4779 5951 1392 6399 5894 5726 8696 8328 675 6849 1204 9224 7136 4051 2524 1496 2066 5066 5971 8875 6878 6001 3037 2658 9581 8242 9346 9411 7034 3449 942 2108 5085 24 6492 3632 9320 5514 7796 2894 9082 2879 9401 7125 1277 212 3253 924 6000 1151 2706 8580 8550 7860 4268 6378 4592 7112 6427 6548 9418 5053 6112 1375 6533 7146 3680 9994 8812 4526 3298 2321 9829 5814 3133 3567 5033 5677 3289 997 7911 8869 2734 3859 8613 2212 5629 2825 4873 7374 6335 8309 9541 7966 111 2331 3294 6403 3996 3764 2040 679 3090 9311 1244 3402 6663 2404 4234 4630 3255 3116 8861 7757 2558 8085 5836 9965 7139 1417 9821 2713 7335 8718 267 8903 4469 989 2100 8619 2141 5882 2958 1088 4475 8276 1155 3549 2884 6120 5715 5996 8054 7097 198 7828 2000 9422 5183 7310 4837 7570 3393 9268 1369 6156 1059 3479 7902 2186 8070 4193 7756 8676 5298 1416 4069 7718 1084 7303 9603 4352 389 8365 1813 478 3723 3600 503 1727 7578 1730 7172 4056 7840 4326 7786 9825 5265 8699 2423 4628 4577 3557 3815 8013 3664 580 9139 7301 7056 3280 6775 4565 1018 7586 3869 2009 601 7440 8769 6887 1647 283 138 1393 5686 5906 4632 3135 2568 2574 7487 608 4079 9031 7544 9483 6646 9921 6208 3652 9428 705 495 6346 6681 7759 2051 2740 1010 1494 8843 7107 4212 3972 5839 7408 7804 8932 8040 6221 2560 1756 9818 2804 6247 5234 4723 4115 8178 6065 286 6003 1154 6007 8189 5765 3948 9181 4684 2215 6505 3536 494 3140 1749 4479 7870 3410 385 8347 1434 6551 2645 3362 3111 8954 4586 3963 8776 5664 188 2527 8243 9887 6312 2528 6096 1616 1769 2451 140 162 670 9175 8657 7262 5833 3978 9183 2430 7689 9866 855 129 4745 8307 2437 548 5073 1695 5484 8149 3246 9024 9092 9266 5096 7404 2071 5374 236 4438 871 9780 6402 3300 4235 3981 7210 7900 6037 7856 5427 7304 7332 9641 5660 95 3862 1323 1830 81 2686 1541 7557 3530 1247 8674 7339 3075 1223 5548 3783 3987 6900 4085 5627 9837 6796 3092 2300 4153 3814 9692 6435 4653 8435 281 9674 9455 3864 4143 5957 5857 4241 654 6018 9373 8818 5798 8416 8391 4032 7642 1301 5734 2876 8558 1194 1666 8760 9930 2754 6990 6197 760 8609 9879 9085 7379 3765 6004 5982 7778 5669 266 2693 1281 3264 9629 3066 3734 1655 7738 828 5510 1173 3211 2345 5101 541 9033 6211 5030 6628 7581 5155 6147 785 7099 8518 8357 2819 55 8952 3486 9146 2351 767 6519 2177 1636 4609 3492 5877 4303 6539 9584 2538 6708 6702 2474 1575 8897 2150 7984 4820 6612 3318 7425 4524 9231 2536 4964 5532 416 7450 7222 5600 5601 8007 3708 620 6324 7803 8035 8675 7779 1454 150 9859 1040 8998 5609 1567 877 4174 796 9150 303 8687 806 8702 1164 4187 3746 9989 8199 9573 1645 8622 289 4664 1674 7313 6215 4499 8856 6130 1354 7375 6632 3571 3173 2217 8636 953 6469 808 1895 8093 2768 4461 5705 565 7299 7541 9098 242 8723 388 2762 4561 7255 504 3332 1413 7801 8746 4127 4824 298 3232 1512 3885 369 1927 8656 6680 6025 3599 166 1013 8109 8352 9602 8191 6454 3108 1657 3976 928 1339 6561 1608 7791 8125 4647 9380 8222 4842 8049 9937 9368 1704 2273 8140 7842 5781 4139 2859 2606 7091 9043 3345 8475 4643 7182 4923 1273 5901 7971 7423 3357 7653 4110 1735 7409 226 5973 8805 5197 1349 7439 6380 2252 4289 5707 7933 4061 143 8865 2338 6331 4573 9657 5038 9631 7985 6259 9199 2506 6893 3744 1734 4417 5432 4140 8736 7640 5564 9715 4751 9652 3989 7438 5332 7611 6840 9084 8283 471 4135 500 2441 8967 3324 9343 9519 9580 5326 2185 1557 606 1356 1187 1816 9274 795 5846 432 1282 8381 6940 3013 7904 1566 4942 7684 9110 5359 7090 8822 9540 328 155 1305 4325 7459 3831 1569 8731 9968 4834 7592 1503 1489 4211 6668 5398 2145 2311 9049 5363 6595 296 8190 1350 8767 8413 6858 3753 9068 709 8516 2747 5475 6284 9763 2981 1668 8294 4583 5117 2526 6752 4760 184 9774 1397 3709 290 5410 1110 6461 6193 6280 9689 6713 2095 3835 9286 1456 1240 6299 2817 5469 3329 6962 3227 381 9659 9740 1181 9093 6829 3991 5516 7203 7068 2218 4722 8334 5621 5192 3391 6511 8144 5528 9873 6382 4465 9058 8058 8379 1550 2346 3846 337 7521 1737 8301 2933 6252 7563 9102 2588 7030 605 2493 4328 1720 9830 2230 6301 5231 3792 336 6560 3706 3968 6831 167 2192 9365 2438 5067 5379 1974 7376 87 2105 8874 5015 1589 6884 3982 755 9232 9335 3181 4200 9717 8255 2573 3352 2115 805 294 2022 4263 9744 1302 9567 2746 3642 2865 1632 3983 5709 1858 7605 2647 4749 8 5786 6289 4736 3596 9276 4948 4167 3427 8150 378 1185 7725 4374 9128 2712 7859 2461 1525 3533 3109 4857 6160 3188 9152 8966 5954 2405 2964 5620 8375 2802 3387 7212 8187 3742 8922 317 6201 8253 8424 1535 9087 9229 6880 3903 6953 1855 5450 3834 2278 4322 4730 9596 5178 1908 7883 6675 8808 4636 7289 7400 8081 3713 6896 3198 2103 5815 1214 5536 5157 6662 9944 6142 1041 6847 9627 5678 8857 1993 5685 1506 3687 7006 8161 4327 7913 7730 7176 6802 7511 2823 8014 3752 6608 7523 8157 7582 121 4868 6683 9967 7149 6989 4955 3830 6804 6452 5425 8285 6518 4863 3633 2848 1039 2325 4945 2055 2641 3383 4922 361 9590 6780 5440 8624 2475 2137 652 1093 2180 534 269 6872 344 7480 3812 4574 9336 3142 7988 4761 1922 4655 2467 1540 7429 5436 1649 5914 8420 8649 4498 6482 6443 8270 6314 6730 5116 1034 5639 9577 9047 5145 5519 9992 6697 9925 3695 3736 9458 7715 8217 2433 6997 8402 6357 164 9080 5273 7514 2744 1145 4210 4043 4511 1684 4598 2244 6447 3935 6966 2764 3347 9208 8707 3155 2732 1210 7576 6017 6590 7016 8369 6026 9589 4886 1109 8554 1715 6138 914 524 5584 3254 7896 9007 6822 7208 4725 656 6737 6892 1286 4283 9337 9472 7083 3622 595 5834 8209 8577 8232 9480 1136 7808 8211 4058 2497 7484 7682 2505 1865 8091 5483 7314 9566 9525 4397 3546 4402 3366 6058 4366 4463 6 2074 8440 5806 555 8581 4019 401 3015 3585 1555 8465 4649 4172 5643 4168 8377 7551 6926 9096 9367 4171 9409 5481 2144 2355 1565 8713 2310 5029 2875 3965 4476 3023 4315 667 3933 7555 7306 3226 6895 6515 5868 8659 2561 1763 9485 7671 4379 2725 5161 5865 2931 658 2290 8755 8520 3809 8020 2696 2419 3325 5577 7444 3535 3588 8771 5960 4256 215 1169 7709 3358 3893 3020 4070 6218 7732 3635 3686 2592 2061 7116 6722 2704 4209 1267 9757 4314 3559 2229 9793 261 1508 3756 15 4483 8510 5345 5618 4579 3016 6670 6493 7126 248 7007 5953 5415 4709 6723 1133 7430 3082 7992 7098 8501 7261 9742 8583 6075 3174 2812 305 1803 8877 6954 4885 2093 3537 5896 3009 5969 1077 8806 984 8469 7365 8062 4282 9773 2191 5163 9257 819 5745 3044 3128 304 2407 3307 234 339 6466 5950 8076 2285 10 8354 3797 759 5366 6570 6973 1242 8127 9018 5540 4853 7317 3398 6386 4754 1157 2831 3071 6567 4962 6691 5773 9875 5188 109 7812 2867 1696 4778 597 6826 1359 7696 438 8714 9437 5399 9959 5928 4887 7901 9329 4462 3824 7505 300 602 7214 3640 5671 4927 9071 9270 2791 2102 3484 5281 6814 483 2016 578 2522 8848 4917 3762 9628 5721 5585 482 9471 4016 8095 3404 3556 5022 3956 280 634 1246 9070 9964 2838 978 8610 1487 5333 2885 2225 6703 4006 7154 7029 3025 1149 8844 8603 1481 990 5491 5375 4806 8792 6620 875 4014 8441 8418 6227 5294 3997 4213 383 4117 4474 4420 9091 9543 1498 222 9682 8629 5082 1673 3696 3895 1495 6438 6285 2518 8710 9026 1207 9758 2951 8314 5683 5011 9646 9140 6733 3677 2590 5301 1553 3782 1199 4157 1975 1385 5268 5718 9579 3685 3374 6083 6446 4072 619 2166 4770 8129 3349 7265 7248 6033 1583 5523 3586 6610 5215 7649 8971 6123 3984 7528 847 4129 9851 3400 4804 4591 3161 4119 1648 6682 5272 7242 6976 7629 8628 7558 2026 6292 2360 7831 7638 4980 5190 4642 5456 52 5383 1239 7448 6061 2883 5948 8186 7291 5421 9213 3399 6073 197 9173 521 2039 445 3786 9538 2840 8512 2682 6270 1962 1952 8281 5740 3063 3784 4161 3747 556 9574 6732 4584 3412 5005 2413 2460 4100 8485 8477 4243 8427 9727 1238 3014 9775 1834 9165 5193 7397 1448 5269 323 2965 4113 5454 5006 5770 7750 1824 8831 4074 1929 6440 4045 1177 1475 6885 1162 6960 3875 9119 581 8204 4755 7539 5230 4602 7590 4041 2314 6717 750 1549 6580 7765 5032 8414 6832 3589 9405 3316 8909 1383 410 9377 1716 9508 7013 4040 3499 3204 9950 4839 6630 9640 9246 6050 8460 1068 7802 6246 557 9819 3209 4301 6117 4388 9275 4926 1432 6110 5446 8027 6982 6951 7002 8940 360 6411 715 5769 8330 4219 911 8864 3693 1936 5097 8890 1143 2052 3821 3645 5706 4572 3916 28 6166 1677 5727 8829 3506 8824 9290 5827 3326 5644 9362 944 38 1750 204 4867 6609 9996 6571 2816 7959 58 2941 5858 4205 4215 7266 8291 9271 7600 3580 9062 2264 2869 379 7951 3670 8032 3285 3256 6444 8041 7540 1293 4276 8289 9308 8197 8538 6351 5502 2373 7276 9155 5500 3880 13 1100 3607 5962 1921 6180 3179 7045 1745 9325 3712 9808 4407 346 8405 3126 8523 3757 8237 4826 1607 9029 5092 5039 6545 765 4775 9587 5490 9328 870 2267 5176 6741 1611 4673 5524 7997 1123 2289 7773 8360 9371 6410 4258 3739 7940 4308 7151 9051 2718 5696 3277 6404 6356 3008 7875 20 3422 754 9233 3755 8905 5036 8284 9565 1420 3435 714 4386 902 7746 967 7428 2943 4695 4048 1554 6476 5338 3702 6791 7445 5364 3945 758 7485 4233 821 7895 7829 7021 4148 672 4859 2842 2400 6624 8777 7754 2008 5697 9424 4785 6846 2322 91 4767 7554 5789 8267 7494 5434 5659 4633 3453 3973 4108 7941 3419 8921 706 3813 8063 7968 1818 2576 8455 4198 2728 1978 7014 1217 6500 6510 7647 1826 6030 3592 7384 3647 648 6131 816 7770 7001 7026 8090 2611 5028 9713 7377 7274 4920 5365 5175 5131 5118 833 9563 228 2073 250 1094 6517 3477 5205 8120 5020 5812 6479 7662 2662 2788 6512 7226 8868 1970 5940 2 1252 7824 393 2634 7322 6712 5593 1176 7619 4928 6544 1419 7722 1629 9987 693 2254 9855 3727 9898 7837 4371 5689 9843 4529 1275 7552 963 8651 6129 1492 9376 6093 4441 9728 1582 1200 5168 4616 8364 4307 9501 9681 901 8827 7782 9190 9427 7571 8995 5956 2056 9928 3729 1707 9888 8184 745 9752 7977 7847 354 6220 5638 4339 7478 1237 6358 3446 4107 3665 6150 9687 7300 7431 1596 9971 2269 4392 1531 6043 2982 8972 3436 7503 2431 3156 2216 2099 9306 2142 7825 4416 4201 9144 2296 6886 8005 9771 208 2266 1517 4898 8594 2997 8942 2315 2759 3129 2320 3776 7507 5279 1399 9419 7492 5154 6316 9294 1932 5119 6031 9969 6389 894 148 9790 7952 3338 5824 6943 5700 3212 4631 8226 9464 8333 7326 7390 9415 9847 547 3143 5926 7744 6912 8195 7871 3070 6589 2302 834 2491 9390 5505 4046 39 1764 3043 4692 7418 2156 7556 5172 3343 4146 5850 4092 5642 9993 3836 830 2317 5122 7163 3532 2771 9309 22 934 8761 6984 8900 7717 9546 7296 9883 7989 9386 6852 9079 9211 1527 4298 5976 8872 2741 9148 724 9568 3912 3531 9236 1325 5667 2990 6436 9811 5312 4813 2888 4403 613 2733 2503 5167 4954 3251 7874 3430 8508 9513 607 4244 6855 2540 1256 9693 1138 6491 6154 3525 2207 4889 320 3852 6650 7793 8826 5311 1485 8835 637 4606 6660 4429 3438 5554 892 6627 8616 454 6320 6597 8888 5959 481 6268 8261 5521 1134 6669 8407 8630 7147 4027 7978 491 1043 1757 6451 4141 8087 1221 65 7204 3621 9441 9716 7861 4699 3182 6750 2170 8960 2701 6266 8392 5768 7903 6504 93 6678 7508 6754 8582 4059 7095 8754 5819 3205 2967 3958 858 1693 2299 6305 5024 5986 1775 7976 8953 4147 1903 7560 2887 8498 7561 9476 4844 239 4536 9870 3624 4829 1789 1102 6799 6868 67 7627 3911 7661 8735 4432 9045 3590 4023 1379 5420 721 3553 1048 712 6655 3017 4576 1520 3265 9177 9185 9171 7830 1036 996 3494 7763 7283 5881 157 1071 4068 2282 2609 3957 7664 4794 5283 7608 423 3463 6222 1082 4912 387 1326 5997 9413 1584 1586 2567 114 8227 3244 3524 232 5346 2743 5767 7809 9555 7787 8693 4874 254 8325 5990 2602 1617 3523 4426 309 9280 2094 4367 2361 8404 9601 4226 103 5927 9812 4970 1794 2077 3832 112 7641 1807 2001 6332 6813 8312 3634 633 7336 5007 2389 9245 8741 1019 7579 6557 3921 2777 6428 2133 4295 3270 3361 5778 8185 6066 2015 3233 4166 8691 6228 5043 2041 6695 9651 694 8031 7017 8798 9104 3098 731 3120 4843 2004 6731 9738 6693 9323 9697 3750 9163 4341 4142 5448 171 4399 8756 5255 2417 6771 5832 9779 6042 4759 6244 6812 5148 1815 1699 3918 5390 689 1050 7777 6224 5890 9985 2977 7049 9006 3733 9035 6202 2390 1127 4066 8486 9468 6275 493 9014 5086 1390 7500 4781 8018 5262 7692 2807 2829 9066 9265 4735 7934 9746 4488 506 2512 5934 7066 4489 7993 3279 2208 7731 1229 8033 4958 1218 1823 4044 2672 5139 8842 5461 4553 3132 3801 8361 9665 8112 1777 2803 3505 151 3823 4881 8955 7954 1458 5289 2626 707 4915 277 3029 3851 2349 6059 7311 6269 7456 1594 7280 8641 4744 9768 6395 7946 4470 7134 5652 9511 9327 6179 5547 9724 1467 3575 929 2452 6621 4905 7186 9030 9984 3993 9731 2843 3886 2078 3576 6820 3303 6023 6045 2046 6856 5902 593 3159 8886 240 9647 5377 5738 8438 6006 3745 1504 9273 8959 2699 4179 1592 8712 3185 4862 3919 1559 6198 2690 7488 3199 9391 1404 3068 6173 241 9361 1042 8245 6076 4600 5243 7483 7863 5617 6977 374 2680 1578 9242 4349 3929 5793 5821 5974 7246 8329 5413 2973 6593 7318 6288 268 9709 625 4590 7251 7101 8968 191 2210 7042 7853 475 8288 1591 9170 7550 8948 9895 7751 6366 9676 246 3489 7583 278 3249 1114 2555 2194 5963 5382 3401 4991 7564 2163 4883 7012 4918 5044 200 8483 5170 2969 2532 4659 8169 3038 7893 1801 1063 1422 4471 9639 8396 7398 4364 1445 3102 8994 4169 4431 4077 1491 3964 9767 4324 6248 4575 2258 2675 7969 5130 903 8137 2745 4390 7419 5526 2202 8828 9057 4877 1083 4163 946 9684 649 6336 2081 1378 4893 6063 1030 2220 628 1401 4681 1556 1659 6644 2443 665 6158 703 9398 8725 583 5149 7010 4381 5316 5356 4457 2635 2125 2128 3103 1394 947 7712 8601 7 4246 1035 1634 3426 1878 5631 4055 365 5319 3076 7392 3904 2649 5628 4075 9632 5535 529 8820 7105 629 3922 4440 69 4768 3610 4783 4809 8395 2429 3866 773 6972 2201 243 2866 753 7704 3065 2393 5284 7173 9809 660 5606 3019 9612 742 1729 5325 97 4321 1542 9572 315 4919 6255 1231 1259 1791 3811 3926 4130 520 9625 6688 7755 7196 6082 7263 9826 9633 9699 1543 2552 4486 165 9708 5437 2598 3490 9963 3774 7877 8106 5504 1941 9737 6596 5380 6957 9460 3578 6054 4976 8916 774 8913 9214 4428 9549 4670 5441 3547 7852 3891 4377 7351 7807 59 9778 3591 1924 9207 5133 1407 2710 8434 7542 4662 8645 1179 5649 782 8131 7716 1718 7355 1064 1851 6710 9954 6568 8393 4435 3091 4990 570 3986 5590 4165 9145 4697 6901 2470 1444 2021 7674 3616 574 757 3820 4405 2770 3086 3119 2727 8201 3754 4776 8783 3656 3144 7145 4230 1320 2062 1201 3707 2580 718 1767 6828 8763 2332 7337 4340 3550 7451 7536 3083 7772 4555 1875 6478 8103 6790 4875 7087 27 5328 7826 8180 4421 2808 1346 9832 3073 2495 104 9017 142 7974 538 7910 5074 3890 1546 8530 6994 5209 9153 2088 9947 1741 9247 9375 1656 4688 4408 7179 3394 6740 3631 6445 6115 1412 7202 3141 9370 1235 5358 3798 3377 7063 5444 8778 1836 4345 3293 5142 6778 4453 6898 3541 170 7023 6581 1425 3496 5698 6762 8390 448 6569 1122 5513 5282 7980 3415 5805 6164 9903 6081 539 1626 436 2306 7181 4960 2861 4935 592 9907 3502 5958 4318 5445 4850 4497 4024 9160 4788 5690 8203 3775 8670 7452 455 8366 5126 9835 9481 2687 2072 4710 949 7705 920 9924 3127 6263 10000 4663 8006 5757 5107 9796 3053 6927 332 1436 1744 4533 3803 3222 7357 8638 7771 3711 1902 6010 7749 9664 9575 5385 3644 7312 1147 4257 4675 7862 4125 1409 4513 2197 4557 3093 9785 9238 4373 2221 8809 8963 4145 4468 8259 9187 2307 5339 8326 2805 9911 6307 7909 362 7143 3669 7525 5424 2731 909 279 6188 2067 7546 3874 3147 7965 9103 2572 6950 5487 6767 5710 5428 9827 6542 6801 4657 4391 4516 8292 4350 5048 4792 6028 284 5094 9609 6573 9333 6615 739 711 6874 6455 3661 2637 4436 7698 3626 6684 9037 2447 896 1676 9284 3370 411 8658 3545 9553 8980 778 8989 2916 8604 5605 2966 207 5531 3625 7346 1831 9219 2318 2900 271 9528 6152 4769 6805 1117 655 5830 48 8406 2546 2927 1225 7270 2268 4344 4975 4551 2789 5733 2227 3192 6414 130 89 2399 6462 1474 6078 7410 8132 2415 57 9620 4447 2730 345 7892 1758 72 4621 8660 8175 7815 7695 9392 5219 5128 8472 4255 2677 5471 5206 9981 5465 6367 1257 8914 2358 6755 1919 6311 9531 8524 9776 8337 3473 558 5104 7069 223 316 9137 876 2127 3433 783 1856 6514 3112 1717 117 4445 224 5837 2455 7228 9891 6035 8298 9279 3579 282 4199 1141 1597 8417 3041 9395 6365 5751 2174 5102 4413 2134 7491 2856 8799 9547 2851 5357 201 8899 8214 7706 7908 85 8016 2206 5045 4971 251 9488 9248 116 442 6538 8444 9909 7455 1814 6769 5494 2937 6815 4231 2901 5266 6503 9857 3321 4382 4648 6584 7805 8488 1023 9212 4901 3006 8022 6071 2582 729 8720 7264 7366 7979 8012 5878 6200 5407 4789 8181 2187 7420 1025 4732 3407 1972 5869 972 8219 4520 8614 9426 367 8637 8371 6645 8531 7295 9722 4042 2735 6459 7372 9616 417 9188 6841 6711 1220 8003 8056 4950 7039 781 3099 9833 3940 4305 5762 8221 2926 8322 6734 8807 4704 9707 5575 8015 5403 2579 6817 6241 9240 8097 5068 7047 3202 4026 9881 8401 9932 8343 6659 8304 9436 7623 9735 6924 6377 227 3877 1621 7307 7278 5498 1171 5650 5395 7622 5177 5723 4989 7501 3121 919 434 2903 5988 9868 7516 7987 7286 3266 6936 4841 4581 5402 1911 9445 8272 5860 3117 44 6036 9383 7133 295 3925 4639 1266 1940 6368 1469 8529 4740 7470 7643 900 3529 4527 3898 7938 4503 6318 4329 958 1175 7482 8588 4279 2760 9156 9691 3563 8894 8648 6863 7071 3359 4252 2476 8964 3955 2304 1011 3654 4535 5184 6763 6686 5912 5924 4519 2628 7923 5905 189 5921 4507 6127 7268 9061 9317 3146 3385 4423 2188 4155 1361 3465 1866 2376 430 7655 409 2152 1638 6864 1070 5573 5181 3737 7636 8915 2330 5866 1802 1880 8308 2485 600 8751 4685 4774 9116 881 3540 3167 1759 1700 965 646 7347 8249 9042 1625 5616 6052 6736 1287 213 7325 8459 3822 6640 7737 2904 2200 9410 2938 2384 987 3487 7260 7249 8810 3857 5566 9423 8704 9296 7602 8795 3379 2810 4064 9635 2263 6233 1497 748 2196 464 6871 3162 6574 1931 5624 386 5221 9182 7672 4290 5537 9143 5511 5541 525 4156 1092 7814 5056 1825 2837 1689 5349 8271 1032 5463 2496 8155 4947 6393 1295 2403 134 1986 2723 2444 8849 2257 7324 6727 6105 9654 562 8341 2705 8287 6109 4508 5637 3165 4383 9191 8689 682 5270 2517 4162 4934 6062 1316 803 2037 8744 6524 8908 4545 3561 882 6086 2886 9301 1646 9977 5196 7460 3443 6785 726 1381 3966 6119 9112 1539 3231 3010 1292 3780 4902 1484 4437 7567 7238 1121 6020 4214 3026 5576 8991 9506 5158 7675 4786 4496 5989 6234 594 5730 8700 8160 3804 5063 5247 8930 8436 4114 8461 1692 7009 4805 7180 9130 4625 2140 6210 6830 6641 9570 2935 8794 8579 5931 6434 4949 9756 9951 5041 6537 7872 391 6696 5895 2464 4582 3682 9382 4254 1097 6333 8688 7932 5728 7446 137 3927 5602 9878 922 3197 4650 5668 716 8962 4395 3508 3842 4 6334 2586 6191 9002 6808 5945 1992 7659 4116 6122 7129 7897 2773 8268 6945 4494 5743 4491 4856 3700 7955 8789 8841 1640 2234 1821 7356 7827 2531 7330 5435 6661 8206 612 8299 5746 6635 7800 8525 3930 7118 3328 4477 4502 7044 991 9816 8318 1564 835 1712 8722 7155 5021 2597 8450 9902 5276 7937 9385 7624 35 6772 2122 2834 1029 4225 6212 3896 4111 1810 7277 4221 5795 1680 7531 9806 460 5499 2341 6944 5457 4739 5551 9595 5124 4101 3988 6974 8260 7432 3428 8850 4608 8244 2337 6916 1072 6795 2874 5152 7869 6562 1328 5603 9927 9554 848 6739 9723 1382 1630 4817 1345 5508 4624 5245 6261 7104 7889 8768 7766 6015 5411 3950 169 3657 4220 8002 5069 7373 2799 8139 1633 1249 4773 6070 4701 6101 1075 7292 2543 7074 5713 6161 1511 1001 398 7399 3816 8780 118 3683 5100 1411 5967 1209 3180 1290 7305 6753 6607 2544 5397 1954 7235 6236 2292 2007 9986 895 1585 6027 2714 8471 567 7588 2709 7411 2219 2224 5570 8592 456 6959 4627 5517 8026 5913 7148 7621 3838 9856 776 5695 4368 6838 3035 1118 1478 4849 3262 9142 7070 6014 9630 7008 2738 6416 5252 8092 5400 7914 8265 382 5578 7165 6421 3085 9890 6271 1230 9949 5204 2178 7142 1731 4362 1603 8102 73 5801 4015 8158 5975 7887 9539 5744 7359 2205 5843 2106 9293 8997 7004 5848 2525 9324 5861 6364 3114 4939 1853 3138 1502 7857 2921 3675 1031 5546 1190 8246 7298 2722 9732 8683 8502 392 6165 3171 9315 4183 4690 9552 6408 5655 4093 6807 179 8821 2565 8213 3389 5904 985 9425 7109 4334 2276 5123 8653 8749 6625 9734 3221 4060 1877 7041 9548 2983 8846 2042 5070 2925 2639 5322 3907 3738 9239 6882 2623 8655 6092 6376 6187 2924 6465 2615 7645 609 3245 1250 5870 826 3698 7447 960 2621 2794 832 7169 6930 5991 2388 3290 1913 3967 4240 4559 7137 1278 4550 6203 3320 9195 5037 1711 6040 8740 5164 9287 7441 2045 9106 5641 6417 4224 5480 2482 751 6298 5185 7520 5944 4010 7931 8540 9363 9180 2005 8282 5920 2247 1228 732 5295 4411 6910 8858 7950 2458 4728 9850 5822 8428 6673 8029 2909 3281 523 8478 1809 4708 8489 6735 6116 8239 2537 6535 8832 5329 8167 6860 6720 3235 4816 3425 564 8340 2468 2442 9770 4052 4830 5191 7982 99 4506 5246 1653 851 6149 8969 6915 8373 9899 2608 4876 9348 4387 1079 6449 6563 2483 1762 2168 123 661 4021 7820 9558 3716 2025 415 800 2945 8544 2774 7486 6705 270 8138 3220 7229 6392 1522 9095 9498 7663 1322 8719 126 1438 5542 815 1098 8985 590 4430 584 8878 8796 8351 1590 1352 3101 5376 5604 2659 2992 6956 9661 1613 7472 7915 4825 4054 9262 6373 839 4828 9597 1683 8632 2720 617 54 6176 206 561 331 342 3027 1300 7243 9416 7054 4623 9010 1439 9536 5719 2367 9972 8113 7067 5626 3353 7919 801 3526 792 4547 2034 4995 4836 4741 5443 4460 5290 1781 1139 1805 8522 4490 3692 7810 9050 7795 8039 5856 4698 6185 676 9027 680 4017 5615 1251 4351 8762 9598 4765 2765 7048 6939 1264 4724 3236 297 7220 1907 530 1047 5708 2890 1628 3573 772 4122 4190 4196 1021 8258 7273 8800 8083 1312 1317 5226 420 9507 9457 7348 8116 4343 291 5059 1330 8561 8163 8376 3217 335 9302 7187 9288 4415 7464 5750 7218 587 2410 5087 2523 4803 5787 8600 1288 6060 4482 6088 1065 3565 5947 3638 7453 1510 9571 2380 8929 7081 9135 1105 7032 5699 1910 4464 4037 6652 6342 6243 9714 814 1270 8254 9223 6103 1203 5275 7846 8743 6509 9781 5672 4716 9264 7995 3414 4933 7906 6980 2147 916 7618 8064 7591 5534 9747 7535 4206 2157 6766 5925 2648 4879 7603 7606 3088 3681 4762 1793 6834 4838 5342 4835 5717 9672 3618 8738 1947 3995 4434 9403 8474 3894 3613 5653 7522 3939 5392 5854 8151 6546 3434 7153 5788 7403 2352 4669 3497 7604 3572 9908 6262 8388 74 209 8426 6056 9858 82 5673 9585 4746 218 6598 5228 8766 8207 9876 7302 3910 2488 4002 1652 4293 8840 7422 4711 8758 2936 6350 7093 9935 542 4594 589 5303 1463 8193 3475 2079 1364 4480 4057 3031 8117 7667 8205 1829 210 5008 3047 2549 1284 5202 9200 5031 8513 7106 5323 9962 7353 1950 6098 5459 1654 5220 8627 650 2288 396 9975 3658 4370 2631 2019 1779 6195 4330 9846 2213 219 4799 8445 6760 2372 2492 5980 6891 560 3643 8030 6091 5187 3564 3480 1054 7593 4478 490 4747 5351 7918 9412 5855 8711 5388 7120 3191 4908 3884 8344 1389 7443 610 1840 2557 2809 2436 9078 9120 3722 8620 6135 406 8830 262 7832 5871 141 3659 5287 5893 7162 9966 798 5657 2486 873 3382 1572 2616 1893 5249 3934 8532 3785 7391 8208 9537 9777 7948 2121 736 1111 9761 2466 8883 6918 7380 1804 3674 8315 2484 9118 8834 941 9788 8996 5208 4007 1298 8928 2235 7241 3327 6126 1849 8468 1101 8467 8563 9201 2181 1669 9101 9285 4629 6651 5863 5488 2316 7477 1280 3403 9407 6850 5955 888 2003 4718 3839 2636 3740 5994 2195 7036 340 6888 551 4914 2551 5081 7742 6322 7401 5368 6049 9048 1945 9251 9970 1015 9792 6889 7886 7747 7972 7350 83 5693 2363 6391 5317 824 2387 8680 5331 3397 7970 1002 6536 5229 1753 2453 4481 9321 3005 5160 1099 5885 9086 6908 9739 7929 8453 6527 9754 3897 237 7646 446 8479 2828 7421 2214 5634 8481 9298 3216 5930 7062 8639 7065 3609 3214 2259 404 9929 8673 6388 1558 2239 4316 1713 8590 3905 5315 168 2272 836 8082 9482 7427 1226 9083 9677 1671 6204 5327 9004 5455 5125 9252 6540 8974 4743 3472 5979 1860 5663 5212 6633 2012 4419 3619 3448 2397 5486 7415 9650 6794 4260 5731 5966 4248 6513 4456 3808 4412 6777 2418 1213 3258 122 8100 3351 6194 4310 3817 4297 2383 8484 9332 3868 5704 2379 5485 3969 8101 1884 860 7569 9194 891 6111 2830 6648 9917 2895 4029 8919 9974 9882 3344 5527 9433 2923 3853 5223 8633 7239 3346 7111 9750 7665 3595 3504 1437 508 4236 3720 7466 1832 7272 8572 4035 843 2970 3555 2643 5304 205 6141 7497 1156 8019 6583 7794 7670 4956 6758 453 19 6183 4972 3160 5949 9521 2111 1008 1725 1222 897 688 9783 4217 9960 6631 8429 2624 5199 8264 2463 6748 5360 2858 3061 7873 8612 6184 4891 6226 3827 3673 5544 8939 6118 6704 6881 6229 887 9134 7517 8146 4319 3500 4025 3139 2553 8415 6611 5012 1060 6473 1296 4311 7612 3603 3257 630 307 6099 7496 1341 462 8084 4720 2836 3790 1232 6032 2329 7577 5545 8896 6526 7936 9237 4896 1995 4247 618 6009 930 9465 2683 2117 9347 6216 5852 9643 2236 6911 2850 5062 8397 1472 3304 4940 2222 1686 3064 1879 468 7493 2375 5684 1442 5820 2119 4613 5479 6738 4532 526 1620 2294 7553 9527 5892 5113 3296 7880 5742 2158 1667 2785 7434 885 9729 6488 1158 8853 1055 6516 8521 4207 8425 2852 1761 4784 3118 127 1053 7079 1678 4661 3069 975 1772 352 838 7819 3759 6862 5201 7227 2043 5318 2663 2564 2063 515 4910 3594 3105 3845 1806 2556 923 6671 5112 7658 8123 105 7866 3367 6565 1338 7213 4560 5334 6219 8727 2619 7734 7935 7981 3299 9283 5862 9008 6811 2889 3230 5583 9645 4493 5804 3974 2416 1765 6095 9803 1405 3701 6603 4274 363 5826 5525 2596 2971 4973 1276 2818 2193 9719 1078 3949 5000 9243 1687 4354 4677 7533 3096 9094 5849 3437 1933 5581 2010 2499 9456 2279 7851 8349 1455 76 4595 4622 9263 2832 8183 5981 4719 9671 5091 2098 8482 8505 4993 3854 2798 6653 1336 7115 9649 9151 4272 6308 6692 3291 549 5853 9169 214 6242 6525 9813 9267 2968 8938 6591 3861 7595 9721 6656 8382 159 1943 2698 4192 9706 4689 3679 2199 2362 8043 2450 1402 1538 1427 8431 6836 6472 8663 6789 4375 728 3482 4729 1080 8591 5779 3649 8911 761 9952 904 1294 1562 6258 2855 8715 1618 5879 7406 1719 4126 3305 8816 288 8277 9840 9532 7524 899 6743 3519 6809 7780 1863 9842 2984 511 8662 3840 6768 2203 6877 9582 2378 8332 8617 2445 1552 3310 2006 4347 7899 149 136 3051 3566 1788 2167 9762 1935 8569 5636 7233 6057 3130 9800 9663 7565 6174 2955 1306 1988 2018 2529 192 786 1918 6453 1999 3605 5922 4777 7720 7891 5903 312 1976 9900 7967 2114 1137 4798 1808 8976 666 5568 5141 4132 1642 9434 9310 347 2587 9338 6240 8545 5935 3542 1192 9618 2578 5088 1917 6931 476 1994 1443 638 8970 723 4451 2509 5004 9421 1528 2481 8367 3152 4921 2183 321 4634 3562 6432 6480 9798 7596 4969 6483 5917 8945 4658 8876 969 9193 6969 7677 1690 3107 3946 9016 1660 108 7788 4422 7479 5306 1869 5937 5756 8924 3060 6087 3773 5166 2833 4899 4280 2511 3189 9787 8449 9291 2790 9569 998 621 2902 6996 5916 3375 2284 3309 2454 6008 3384 6024 2692 5027 31 7703 7211 2309 9113 6302 7072 8278 1664 4731 5828 2472 7572 368 9797 5278 9353 8536 6507 698 6819 5233 4988 4309 9608 8215 9138 6464 673 2171 4195 9938 497 5186 2911 7361 8037 4752 8895 2665 812 2402 5872 502 6698 5777 7527 1004 6952 7688 5308 8293 2872 1486 4800 5075 7474 3551 1233 849 8350 9372 3030 2176 4772 4138 1846 3420 7089 3795 9354 7341 1172 4946 8574 3206 9957 8080 1819 7088 5712 8717 2737 1453 3079 2135 5929 8198 3876 3841 780 763 2940 9953 2946 5891 2570 8419 1982 6694 2642 640 2910 9313 932 643 3512 8241 4903 6172 9402 8606 8634 6605 9919 1882 4444 9916 435 5550 3961 9044 6237 6968 4277 6999 2139 4228 2800 4185 8855 5552 8978 7168 4020 1283 6107 1904 2298 8363 7192 5803 9862 7457 9520 1682 2841 6343 6442 9452 6300 7700 951 9958 183 8845 8775 1500 1948 110 1076 6418 8165 1363 9230 7713 2835 7124 75 4414 5614 9149 4682 5908 827 6146 1421 2428 4030 5838 9176 8422 1896 8182 4369 6761 440 2198 3157 5050 403 8423 8302 788 7743 845 3123 4667 2473 7775 8487 3581 6330 6238 6618 9046 8316 4542 7316 1901 1191 1466 1509 5120 9034 2661 5431 94 221 2421 4556 8698 7027 4646 598 9592 1152 8224 3593 2020 2999 8553 6587 4083 1310 4672 3386 1366 9289 3938 8451 863 3396 662 8067 8042 8837 2897 7650 3906 7253 6102 6757 7660 2090 6970 8819 3158 7761 1536 4763 6770 5065 9307 8732 2386 2057 8595 1452 9653 3467 9755 7275 6495 866 1899 8993 2411 9013 1614 9667 9364 4911 699 4554 7458 6359 3728 5232 6613 9469 5143 3460 5565 7086 8667 1441 485 9406 1113 3223 4640 8225 2143 2952 6162 7100 7108 2435 4250 3871 9675 4832 4394 5984 5983 1245 7082 3583 6104 4952 1515 7383 7991 3538 6108 7534 7405 3242 6616 4406 6617 3763 8871 8979 1968 825 2368 2211 5559 9227 7597 8790 4737 2814 3741 4063 3260 1028 4812 1971 1261 2240 390 4266 18 4103 275 334 8126 8757 4878 4986 1710 7526 3789 6405 8394 231 9303 6159 4275 7686 8096 7599 8507 7584 964 6897 1468 4861 3552 5907 3170 6467 3215 2510 1006 8697 713 2769 4087 2033 3423 631 6935 8686 3163 1615 9486 6541 9167 9126 918 5110 8492 577 4004 3297 3186 2742 1461 302 3409 4150 5013 6170 6701 6249 6821 7854 6726 4637 4871 8130 4443 2109 8910 1314 5103 8319 6223 7733 4713 5467 5453 5680 3164 6349 7799 7117 9359 6985 4727 7293 533 2806 2562 9822 7691 306 4267 158 2089 6471 9141 9749 7358 8866 2622 1570 7319 106 4302 11 98 9660 9831 6917 9918 8859 7975 6321 7767 4793 5470 1227 9764 9127 2047 1537 2502 5430 3032 2155 6934 2795 8280 1697 380 7956 7254 4787 8152 8957 3781 6313 6029 5439 6325 6602 4790 2426 3779 1501 6622 8664 4900 6021 1406 8750 4292 2151 1523 5811 2425 2369 1505 3888 6903 7185 5630 5051 3337 7284 3115 8346 5492 1022 8380 8983 9936 3333 5597 8374 1983 8430 8547 8611 5405 5472 70 9801 8212 7769 6721 7548 3570 2136 5599 3908 3429 182 2793 1159 1705 1514 4987 7245 4439 2354 7632 2972 8665 7340 988 4766 2976 2703 6818 4459 256 6764 532 8811 6344 518 3356 46 2326 9588 5320 9648 351 5259 6341 5335 377 6490 3569 469 4965 3672 3177 7637 8779 1981 8159 4530 6038 3203 8729 235 3878 5529 3769 7164 5 971 8654 6153 6833 2023 3662 3947 6048 1431 912 4036 2991 7707 1483 2892 1480 9012 2478 470 575 9522 8495 5633 173 1131 7960 4203 6987 1426 3517 5174 5034 3166 327 7693 8473 356 9028 2942 1493 1650 6781 6171 5675 8057 1964 6207 1268 1073 5476 6420 124 1424 3865 857 8804 5829 5210 139 439 4998 893 7543 5674 7028 2664 5042 7426 8901 6816 6787 1095 686 5654 2248 4510 6277 5883 3365 3699 9072 4450 1872 2679 6384 8733 3620 5489 4666 1563 4427 2801 2169 3363 6827 7710 9523 6699 6844 5180 588 8398 7817 9606 1897 1530 4791 3606 913 181 5792 1033 4563 33 7031 8236 6374 5507 5759 3726 6396 229 7816 6965 4818 9880 5244 999 4537 6955 9366 7943 1026 5932 3464 8747 1429 9077 1587 424 9022 5515 322 7424 161 3048 1017 4121 5293 3952 756 4128 1619 3131 2469 3238 4712 6521 4452 3012 8089 2027 3767 3962 175 9753 7035 7768 6360 2408 3660 6437 4288 4539 7449 4124 9576 5401 8589 2118 1726 7395 253 1012 6128 1845 9733 5179 9355 3348 9877 6810 2165 4890 3899 4706 6385 3272 8599 8192 981 5384 9514 4337 6564 9673 6707 5658 1000 5825 496 1376 4984 2357 2293 6304 131 910 3 5299 7454 740 2032 2394 2131 7502 2708 8368 7573 1934 9496 14 4756 7352 4764 8148 9956 7123 3050 6362 9358 1533 4691 4541 2336 5961 3089 3637 7225 5761 7157 6690 51 3953 433 8001 3488 1243 5783 8124 4811 8454 627 880 794 4118 1265 4455 4674 3034 1255 1694 2530 4531 5169 8251 8986 9939 4089 7927 9782 3574 9844 1989 3124 2149 5496 7668 9704 6637 8708 5466 867 9802 775 7620 3483 779 7745 5939 7785 1548 5571 8705 874 1430 3054 9121 3975 5692 9269 3544 499 8973 1728 8230 9025 2385 8257 5330 516 7473 2323 4992 2783 9765 4981 2868 7953 37 2132 6728 5010 3315 1675 9019 1588 1348 8069 636 2516 6742 1471 9931 6494 1024 216 4534 2822 7025 1926 5019 1414 8156 6051 5362 3450 7327 7388 4073 125 2146 8685 8797 9901 6642 4907 4999 8786 936 2479 2086 107 8173 2907 6022 1837 5763 8682 9023 3527 3858 6634 4795 3849 9614 9861 5253 8462 8228 2427 7051 3046 195 5111 1706 5747 8752 7529 2238 9586 691 2550 314 6064 7894 4518 8256 6919 5274 9922 5844 9805 7633 5530 7290 120 6486 6983 5211 2896 6422 5785 5810 2980 8678 3113 60 9556 3718 9810 8933 8273 1987 2391 5239 4597 7792 1928 9388 2853 5478 3860 8335 9204 7040 1488 5236 6470 3045 395 2120 6409 1909 23 7018 2054 7783 53 9341 5373 7489 407 1852 2084 5387 9973 6232 9439 8297 5632 2778 1518 2678 5393 7607 5347 1871 8570 6317 8815 5909 3278 8188 6501 1665 9828 9943 3067 8119 2031 2281 6273 4005 4304 32 4018 4458 3598 6387 2878 5884 2919 1367 8010 5099 4568 5047 5691 9446 2159 5760 4866 6576 9493 7024 3228 8055 8038 457 2243 4232 7925 5776 4827 176 2535 2312 9666 9591 7615 3749 2963 9157 1672 2912 2462 3373 8701 3022 7921 979 1963 3184 2914 1161 3636 4353 8546 5589 9562 9791 9617 2286 5640 3470 7152 5851 1387 7085 4580 9334 6106 1623 9326 5300 2164 6585 8196 6155 3057 1658 4137 8863 8640 8543 285 7598 708 1966 370 7140 9871 4097 5635 8456 6496 6588 1593 9784 9059 2092 9516 1321 1930 7077 8626 7308 2347 3444 3705 9656 6530 1547 42 6370 9221 5720 1574 5386 1216 7888 9512 2065 3807 9099 6594 4080 5251 5350 2116 7736 3002 3725 3149 8210 1958 1391 6463 9976 4000 400 5348 2685 5083 25 1112 6835 2670 5194 864 5305 5017 8310 8311 6890 1776 6555 3799 1248 3791 5574 9133 1119 3052 4346 5625 9658 1916 1796 293 4105 1457 8506 2059 8136 7209 2409 7699 9442 8557 868 3509 2652 3688 7506 7753 1798 8476 5426 3024 507 1681 9518 3793 2184 3678 2979 9474 3371 3639 238 4715 330 2671 2929 4038 7559 9198 2756 50 2504 1150 450 101 9478 1957 8409 274 1299 2277 6315 7625 6867 8598 9869 552 4175 5341 2870 7499 4091 4797 7119 1752 7234 3295 2190 4845 4003 1516 7821 7848 4031 1291 9499 8765 5182 2297 3977 7073 2130 9680 3498 9259 9484 2847 2271 64 8011 9393 2905 921 8059 9623 2087 1939 7166 474 6601 1415 554 2241 6375 3648 8317 3122 6837 3691 9074 2571 8135 5297 2097 1193 9073 531 2603 5725 5055 318 2053 9318 7468 1358 8596 4858 2313 3941 5964 7178 8000 1605 9021 6121 3445 8542 3376 4864 6937 8457 1398 3457 5558 7331 1343 1160 7122 4131 573 6355 2695 4376 3080 9999 5138 6398 994 1368 1766 2994 4273 484 7201 545 8296 4668 1146 3405 513 3106 8079 5610 4847 1005 7194 1435 194 2226 7890 4870 7926 6319 3336 4521 5462 6824 6998 2782 7184 962 1938 6276 9621 744 8470 6011 1462 2353 5389 7378 3587 2333 3604 647 6090 6932 7835 5682 2542 3018 884 6460 4160 1979 8870 9710 9063 8781 1126 6654 7823 3761 7413 8247 7232 419 8575 1360 2960 2724 4599 6577 9374 9117 2324 21 2650 3623 5280 7719 2359 9196 5093 717 3889 4645 2189 4136 2591 9503 2113 9349 4287 5271 7924 9161 3970 2123 7193 1058 5310 7727 3873 7845 8923 8813 8785 1470 6489 6674 829 9166 2871 2860 9467 6947 3802 1067 2849 7183 8053 3501 1241 6053 576 7739 644 2893 7714 2265 6776 4884 1269 7587 4696 1128 1822 4865 1188 5888 5741 766 9020 7838 119 4638 9795 7868 7052 5189 8773 1410 6401 2660 2898 8703 1631 3992 3931 1915 6572 9396 8145 7103 6347 1174 3704 1334 823 4801 669 9174 9369 8999 8951 4966 7879 7885 4180 3806 1327 9209 3454 5900 692 4237 6144 9515 1107 3207 480 980 9544 6097 1641 9254 8024 4840 4050 696 4514 2917 3528 9626 1770 2112 3148 7568 9634 5200 5911 6140 3629 1887 8491 7344 5813 1545 8889 6257 187 3314 7656 3421 6264 5014 6369 301 1874 8327 4262 2434 7015 3341 4033 9345 6534 2922 2459 3856 4615 1355 9990 3287 641 2753 8668 7285 9105 2342 7342 3261 9272 7613 8814 938 5580 7928 8447 1743 8787 720 4610 5482 4683 9147 677 6390 7843 8650 1842 1870 1571 883 8494 66 4202 7053 9003 5831 6041 2792 3663 7060 3241 135 5292 9504 7334 1980 9108 5782 1388 7490 7407 6272 5587 1120 5225 5078 9039 3097 906 3340 5509 329 4982 1057 8618 9530 9197 3818 822 8071 2873 5791 2864 7259 5562 7836 8625 7130 4693 1313 957 26 5254 3390 9834 5144 6522 6283 7726 6189 3456 145 7389 7092 9125 2797 5886 7498 1651 459 8882 4601 1016 8880 1106 850 2749 9662 1428 6290 7990 2365 5418 5647 4854 4245 1184 8851 8677 9906 791 3788 5918 5943 3951 196 2364 9995 966 5965 1688 2011 4239 4181 3084 4882 3007 486 5656 2515 9114 3719 3771 3243 7610 4342 5313 244 8950 2719 1755 3914 88 1374 6870 4604 5460 3378 7547 1052 7217 3021 1724 2017 7666 3058 3731 2881 8975 7922 8566 2030 9470 5035 5694 9417 9304 7634 1170 1708 2371 6310 1598 9910 1864 9352 8597 7197 6599 5790 6005 905 3920 9172 7019 5665 1534 177 449 4338 9440 2129 1056 4332 441 7195 9599 3237 8216 413 1400 5433 3283 273 6988 2348 84 4796 4894 4216 8168 9933 3825 3229 8306 927 2595 5845 8977 4466 7371 8672 2260 8817 1285 616 4707 1206 4095 5257 1778 639 3844 2748 2270 6800 5095 6714 8879 2633 4906 4515 1568 1662 5077 2877 1624 1236 7328 7223 8442 8791 3441 1560 2949 6498 7741 9164 6487 5518 100 1960 2392 2490 7764 1561 4808 260 2295 341 7694 4294 2676 4607 2223 1460 2179 6474 7349 4189 3323 5818 8262 842 4424 8935 6413 2779 3395 6267 9904 8279 3416 5873 8263 4880 2340 5416 9342 5414 5121 5468 2975 4614 6665 6295 9430 4433 5611 5847 5771 5001 3431 2076 2998 9894 5608 2048 2627 6352 9040 2172 3136 8164 6552 3302 3459 4278 8387 4495 8443 5355 7930 2862 6975 5288 3331 5506 1440 2863 8514 6323 7250 7916 9397 7648 982 6327 2457 674 3671 8134 9202 3469 517 3507 7003 1861 1208 3611 6448 9379 4938 536 4994 7504 4448 4191 3936 6797 7515 8802 737 2232 6168 4612 2519 1600 2987 4978 1973 4810 2736 8644 5999 5736 5919 3772 5809 4285 1785 5898 6371 8464 8162 6658 8774 9874 1074 2280 3210 1740 9593 3406 1211 7898 4336 5394 2956 8573 7061 5343 952 6145 1889 1153 6163 4501 2249 9655 5235 405 9131 5354 2711 7748 12 1263 7549 8235 869 1670 4178 6991 5557 4380 2839 5497 8539 9090 466 2422 8745 9509 8716 6619 4937 5372 4485 9 2547 4065 2776 7701 841 4144 4249 5533 9702 7708 6843 8917 4782 9807 5135 4299 771 7644 2508 2906 2231 9454 1838 8926 4409 5090 5754 9711 1386 4522 9978 92 8017 9466 186 9718 8370 6157 789 8342 3478 2957 2014 8753 3560 8490 4467 1526 4134 8050 4011 1180 6328 645 9260 1827 9076 2013 1965 5774 5242 4589 6839 4076 9056 3863 4757 4106 4562 8176 8568 1308 3760 2138 8661 6773 1577 917 4823 2439 8578 3717 4269 9097 6876 3777 2154 5539 8432 8852 2796 2101 5162 6069 4086 2928 9330 3094 4112 4123 6167 9824 6309 1272 6963 8433 2091 7676 7639 9292 4578 4538 6765 9494 8073 7396 1351 6139 746 4378 6477 5993 2989 9244 6716 1544 2651 5595 1253 9605 4504 9545 7797 6481 8988 582 9159 3466 7050 7144 9610 1198 4487 2334 684 1521 1637 2070 1479 3151 9399 8172 9443 8275 6400 2932 7957 8873 6143 6089 6383 5054 5025 4109 2820 4831 2448 1519 1610 6689 5569 8607 2583 265 2303 1984 3867 9841 1883 550 1332 1212 5591 6592 3042 1182 3095 1782 4771 8990 7811 5607 1703 2739 2974 4182 8290 3001 1714 5207 4619 5702 563 9053 6964 974 1081 47 802 8356 1090 2498 6213 3330 2577 9032 4860 3495 5775 1224 1581 4320 9853 9179 9946 3282 7566 8748 6286 6638 2948 2614 4363 4218 2604 6034 9206 5880 264 624 2821 3056 5344 8709 6287 7199 2961 2920 6948 49 5127 6853 4154 1844 1914 1178 7679 5662 3284 1197 2420 6967 3418 6199 6719 9479 9839 9694 735 2319 2377 1418 5018 1087 9475 9867 5681 8681 2996 2344 4567 17 6132 3442 2480 5701 9356 6260 9490 6961 623 4398 8099 2566 2374 8593 9088 9015 78 2110 6845 128 6606 7635 4104 678 5567 8202 889 8944 9799 9863 9860 3178 2038 7784 5841 1279 1959 6687 1873 6792 3847 2763 6806 5227 7160 1189 3274 2487 4679 1850 943 8788 3372 1685 7333 5842 7601 3368 5915 7038 6643 5735 2545 653 4549 3770 3187 770 3077 8669 945 6072 7781 9849 6759 2382 62 2050 7128 8548 6433 9611 1333 1843 3322 5666 338 4184 7216 172 8068 8171 8355 769 5060 3518 5687 1108 7033 397 8925 4512 5151 5538 4500 7798 6431 1857 954 510 1476 2228 1196 4694 9107 9934 6875 2594 5267 3768 9115 4626 6136 4985 7084 1403 5240 2414 599 3276 4022 115 6798 4425 4620 2148 7760 2954 1342 9551 743 6869 9492 8784 3471 3697 5758 2988 5503 4062 685 1812 5561 3481 7652 831 9089 8839 1609 7986 7537 528 6502 444 272 431 6151 9123 408 259 1835 3510 2541 3582 9760 2681 4509 8987 2035 1089 6745 2655 7495 3388 1991 3447 1289 3313 7944 585 3883 3881 995 9226 3411 7206 6425 8353 8564 1768 865 5458 4418 1091 313 1315 2245 2253 1163 7651 5512 879 7833 5676 7360 7362 8004 690 4264 2237 6923 7315 467 6992 8240 1384 1140 8075 1311 1760 7789 7167 9316 2283 43 9384 7882 8269 7839 6419 2049 2126 3971 973 5438 611 1380 7467 8220 4588 8602 569 7269 1061 7354 3602 366 6842 3039 6055 8359 7878 427 7729 5367 4270 5109 1271 604 7367 784 8252 3870 3513 7850 6709 9604 2080 8509 2406 4904 153 1702 9122 544 2489 2339 1833 704 6186 6566 579 9848 7368 9700 147 1742 1644 6337 4306 1747 8114 1529 2721 349 4333 4385 7630 2381 3710 4484 4977 5473 7364 5260 7363 8358 6779 2689 955 9786 4941 8936 5159 2654 9705 6873 1867 2082 9450 2913 9235 3062 4090 6706 487 8801 1997 7224 3909 8218 4652 5998 3942 4259 8947 8233 5543 5217 5203 1447 4404 9205 3721 6913 4251 2058 3743 3355 1449 2563 4013 5361 8631 3028 3312 3534 8105 1260 9378 6647 3350 5337 3317 1446 9600 7867 258 6354 3268 8339 2950 9814 6942 4133 6823 7402 1817 7949 5579 1274 9759 961 3887 4703 7177 6281 8052 5651 3286 6254 8266 3458 1324 1920 1258 527 5867 3872 5115 9447 8023 9865 7433 7917 2534 5474 1754 8585 4959 8690 3714 6424 9431 6137 2953 4974 2585 2845 5985 948 2780 2729 276 9075 40 1371 8726 6016 5106 2767 3150 5137 1051 3455 2620 489 2827 2610 1622 3474 7609 6192 9955 591 2694 458 4081 2697 7417 4717 4705 4170 1396 5396 9524 6047 1183 2826 9322 1604 1045 3548 2327 4700 4528 8078 7530 4593 1579 6586 9222 2607 6902 5222 5816 1786 7758 3432 3630 3004 5987 2366 4742 6786 6857 6922 1627 3408 5214 7370 3263 4517 1998 1967 1465 8008 3269 8154 2811 572 1925 7321 4924 4078 8497 1709 6381 956 4102 1038 9872 3275 3250 1890 1370 3882 3937 6531 5132 9889 4611 4617 3059 1357 5936 1513 4963 1746 3748 8421 2750 6484 1862 9892 8556 1732 1116 7297 3650 2962 8728 2233 9725 2343 2632 190 211 6426 2124 7905 668 2096 8934 6756 6407 6575 5129 1773 5859 5072 6958 6177 9210 29 4047 4680 4313 6520 6044 725 8517 8647 4365 6458 3360 4361 817 2715 7170 7865 3252 3985 6532 9009 733 5887 6666 9282 5080 178 6549 3617 2640 5784 1576 5799 9305 3539 7207 7005 428 9794 1003 2559 659 6134 5876 722 5732 9726 537 1 7994 3684 7723 4552 5800 7113 9789 2673 7386 970 7094 5422 1881 5098 5594 5150 7076 3998 695 8511 8867 8051 4053 2668 8724 6899 2700 9510 1433 2044 1473 1166 4401 5250 1551 8142 8642 8047 3924
