5
4 3 5 2 1
10
10 8 3 9 4 2 6 7 5 1
50
5 12 24 4 23 6 35 37 21 18 17 46 43 39 38 19 20 50 33 45 2 11 41 34 13 1 9 8 36 15 30 26 49 40 27 16 3 10 7 47 22 44 25 14 29 48 42 32 28 31
100
11 38 14 39 43 68 48 5 12 85 36 57 88 93 1 53 27 31 69 47 59 100 66 56 13 60 20 32 21 9 35 99 41 73 96 98 89 71 7 82 23 95 22 26 34 61 50 40 54 3 51 72 77 75 65 62 92 8 24 30 87 70 80 81 25 28 17 33 84 15 86 46 37 2 42 79 64 44 83 6 74 90 67 91 4 49 16 29 97 94 63 52 19 18 76 10 45 78 58 55
500
96 80 315 466 21 8 285 174 278 151 329 24 382 486 463 440 29 198 493 395 63 148 377 298 120 62 54 348 468 472 161 59 316 242 439 401 308 376 169 380 253 178 476 283 435 60 72 363 139 434 355 7 282 351 309 42 327 3 102 441 52 84 378 53 190 154 335 230 191 423 455 114 130 416 379 341 107 410 427 71 461 389 172 127 437 18 150 50 192 13 340 188 40 306 305 69 105 66 241 30 104 199 484 258 460 307 451 406 90 336 489 173 301 56 83 450 334 180 429 75 77 239 494 347 311 369 31 205 328 61 322 403 43 324 108 458 58 159 383 27 32 152 375 364 317 387 155 470 195 216 268 408 222 163 200 82 464 158 219 203 99 443 481 398 288 177 397 475 500 495 212 78 232 106 371 181 442 201 65 217 133 299 137 229 400 449 28 454 374 41 354 125 421 215 405 146 294 381 100 51 194 293 74 310 238 388 35 319 197 136 89 275 124 170 438 204 213 25 220 424 482 256 350 496 156 118 356 20 228 179 332 432 175 243 76 9 85 499 447 384 117 149 209 123 372 417 176 93 277 436 260 33 300 227 225 273 164 289 16 98 331 240 189 57 420 409 126 162 37 79 119 81 465 255 67 491 97 187 44 165 404 407 425 224 261 168 48 1 73 70 333 202 303 135 292 444 157 386 147 488 286 271 453 86 19 344 426 249 101 448 281 186 357 445 370 39 399 469 140 318 337 110 248 267 231 111 338 391 365 250 320 257 226 23 214 45 362 38 22 297 2 478 166 373 345 207 412 349 326 296 263 459 210 26 358 252 304 193 280 367 413 47 291 396 92 143 234 487 342 279 497 113 131 392 244 68 269 223 121 265 330 94 313 134 142 446 457 411 6 471 492 49 323 490 452 138 431 422 112 95 132 290 359 196 473 474 314 129 185 302 498 368 17 160 295 64 414 233 360 247 88 246 270 218 480 36 55 393 266 153 128 182 236 46 346 467 352 259 245 276 122 12 402 462 433 272 394 479 15 116 477 5 87 353 483 235 14 428 167 418 211 141 4 208 262 115 419 34 145 254 361 171 237 385 183 221 284 264 366 10 415 339 11 184 312 91 287 390 325 103 251 144 456 274 343 206 109 485 430 321
1000
354 99 860 759 406 607 45 12 210 313 120 115 345 908 999 285 337 622 969 834 371 997 690 388 799 412 20 765 310 707 160 129 348 599 511 252 468 259 689 395 922 952 208 594 632 121 851 363 119 409 387 53 757 106 8 564 563 85 676 226 314 466 732 933 262 904 974 823 284 368 213 586 220 293 475 200 71 544 435 657 804 472 132 227 638 787 101 190 751 758 597 26 393 92 750 192 418 183 374 547 315 162 211 221 540 59 982 734 843 590 402 527 740 524 428 86 452 316 384 859 327 966 303 439 691 557 273 526 299 17 72 40 222 334 236 453 397 701 875 646 767 138 644 490 351 355 356 272 65 445 454 163 736 766 201 441 410 985 38 424 743 739 124 613 407 73 686 862 892 450 263 680 27 180 731 493 243 126 461 111 546 167 5 791 448 194 556 339 346 455 616 648 829 244 64 219 577 312 826 118 754 797 992 145 528 950 417 174 643 158 760 699 727 130 186 205 941 625 482 278 458 812 364 275 550 853 899 961 366 867 14 173 25 925 769 361 576 815 107 2 592 901 229 510 515 191 498 249 481 414 720 6 978 642 35 857 51 656 473 97 204 709 911 641 631 342 255 256 661 288 271 635 821 340 565 962 886 270 74 924 300 181 234 95 370 943 142 841 788 722 477 671 350 214 233 611 538 179 469 386 501 425 365 427 426 287 335 747 440 545 828 596 723 784 662 537 353 513 223 55 519 184 54 405 993 110 239 793 914 844 83 762 382 251 188 718 713 968 258 254 939 578 421 897 478 438 34 654 818 329 609 465 900 61 411 137 323 975 87 593 90 112 164 779 253 894 70 810 352 102 752 870 984 954 816 621 76 122 906 716 344 444 75 13 336 571 176 683 496 161 177 78 48 746 18 898 569 987 238 825 559 189 741 140 283 372 580 852 955 855 100 182 664 228 139 516 305 948 873 1000 776 91 530 956 80 604 601 333 884 744 940 562 296 264 434 916 457 23 896 133 494 672 868 9 486 281 436 780 521 93 166 433 983 15 885 789 850 856 3 674 913 790 583 785 360 949 31 318 443 801 269 807 786 582 29 703 838 953 492 957 735 719 485 37 483 905 685 328 620 902 480 321 52 802 131 882 247 861 1 430 197 912 362 649 653 136 820 936 772 304 291 819 128 376 693 775 504 910 117 94 847 552 431 250 32 549 46 60 432 965 959 292 700 932 241 456 141 573 946 429 849 265 168 970 579 783 532 306 753 58 840 745 42 742 575 503 391 695 603 645 379 170 159 358 930 49 669 523 39 341 332 605 525 584 144 994 302 217 608 508 280 375 282 675 730 447 558 7 574 817 154 44 864 692 215 681 733 837 714 298 915 165 963 874 89 359 109 989 888 724 400 678 869 47 728 401 230 651 749 28 33 415 618 534 381 66 396 610 705 647 68 105 19 881 880 290 782 845 813 623 460 808 877 50 688 420 890 893 659 491 231 935 399 778 147 854 777 891 991 836 835 725 918 972 260 156 872 792 570 178 814 82 598 500 543 878 349 116 276 937 764 655 715 535 848 151 606 505 487 879 682 408 357 246 630 588 548 704 595 677 232 289 514 702 311 422 665 404 309 889 811 317 266 541 301 56 636 551 539 748 615 663 650 929 127 560 568 390 149 449 706 294 185 319 668 330 373 768 666 24 928 153 324 996 920 277 462 589 152 729 98 626 479 203 235 297 833 917 385 261 437 628 947 41 134 155 171 942 561 77 555 193 887 476 612 832 169 581 909 634 489 79 846 640 212 347 981 960 822 507 338 81 781 670 712 673 463 738 464 794 10 242 708 591 531 710 624 36 627 921 207 143 800 567 667 69 423 497 858 522 225 536 619 866 795 320 637 980 805 484 687 108 446 684 240 824 809 398 600 977 123 325 566 199 770 125 502 520 614 206 717 237 96 726 761 973 756 871 763 617 267 554 679 863 148 831 919 88 697 378 403 367 639 945 542 216 773 737 865 660 907 67 488 971 4 103 63 175 209 389 84 512 633 172 380 934 326 308 658 21 114 224 698 322 938 419 30 990 331 150 509 202 964 451 995 927 196 62 796 16 295 499 696 218 839 803 279 187 998 967 842 377 986 830 553 394 876 806 57 467 923 248 774 442 721 895 529 146 274 286 602 413 755 416 495 343 369 157 135 22 827 979 257 771 988 533 198 629 798 245 931 470 474 518 652 944 926 951 903 517 383 506 694 104 195 11 113 976 307 711 268 43 958 585 587 392 471 883 572 459
5000
3850 4483 300 361 38 3145 410 1928 305 2417 2883 3326 1573 4806 1803 3230 57 1521 337 2935 3582 1777 2213 4602 872 4139 4343 3185 289 3739 914 3304 3238 2972 3611 2185 3911 1278 3890 2479 398 2689 1328 1965 103 4415 2884 3795 1276 1994 3627 1949 369 1607 2755 2857 4916 1159 4454 4038 852 3480 885 2986 2702 4708 4785 546 3601 469 3544 227 1149 2588 2574 1908 3482 2258 2836 4935 4448 3746 3403 3758 1347 3941 1884 1429 875 1033 3207 3100 1081 1809 3456 2841 4618 2052 3997 1251 1693 150 449 2149 3809 42 2508 741 2092 4720 4206 2310 954 2264 828 1186 2254 3675 4346 910 909 3485 4789 1713 380 4936 3236 2532 2018 2449 1478 3309 405 4557 4717 3275 787 87 3023 3049 2352 3038 1963 2811 1589 2905 1137 756 2057 3895 648 1387 4740 1356 2802 1178 1671 470 1892 3837 3178 3631 628 4268 2412 2207 3946 3454 3588 3768 3004 1889 1058 1897 1507 529 562 981 2808 2013 912 2429 2947 4266 4752 3269 4667 1579 2923 1755 1506 3939 2065 3241 4938 4288 1657 414 1472 3761 3425 2499 3547 336 4854 2477 4173 851 1310 3105 2375 694 2644 4583 1464 3032 4032 3289 4456 1139 467 2218 4293 1311 2212 1630 3097 734 2423 4205 797 1030 2161 3036 2505 743 4035 614 3044 2439 2759 465 3831 3698 3610 519 3240 3466 2799 3951 3026 1826 1301 1985 1049 1899 4620 4632 1154 2873 1484 4702 3669 1194 1146 4506 4985 1916 613 1936 4341 425 1833 4041 4556 3969 4775 3752 3072 4374 2608 4168 4342 168 1655 1718 3493 970 2882 889 2400 2181 2936 4003 3308 3979 3226 3129 1411 4055 2955 1972 825 2302 3235 1103 510 4575 100 568 482 3194 3993 3511 4493 3882 491 65 3829 2809 315 586 1437 1531 1191 3943 951 857 3552 4459 1410 3543 4208 1018 4630 3061 3642 1064 3412 404 1917 726 4482 3468 2463 1343 2078 4631 3218 4000 2737 4263 1756 2563 4777 2319 3538 2822 785 1346 3117 963 2474 3458 4170 1362 642 4253 3671 1268 4027 285 3461 2274 2129 4212 1760 2530 3743 685 4893 2447 3134 76 4647 3161 213 3327 2390 2630 2601 4996 2251 2342 1085 4427 582 4674 3487 865 3179 4195 4574 2832 3381 4505 3566 149 1976 1754 3091 4322 1114 161 932 2732 4992 2296 1261 1885 3122 4082 2141 827 3949 3206 840 593 4661 3457 2272 4550 3427 2333 1631 774 1780 2153 4072 2997 3773 3740 3766 4057 446 755 408 3243 998 427 1119 2338 4721 2288 3080 388 749 4379 3737 4336 345 4257 3981 2276 4530 3090 3508 2859 3527 1392 3156 4066 788 3672 3722 33 4523 91 673 2399 1290 4800 1882 4157 1028 4522 4732 1118 3379 1979 3598 1063 1711 1740 1805 2387 1340 182 1348 2187 401 1798 4535 1641 2004 1024 456 3212 4986 551 2658 4970 4162 3967 502 4811 3873 4269 906 4880 835 2179 4757 3341 392 3005 4457 1015 2156 1661 1402 4479 786 4778 4693 2559 687 3778 1838 590 3000 3805 4886 3193 4906 1666 3799 1308 2748 2575 4686 4304 4762 530 55 277 4236 4324 3216 1386 326 4908 1904 2163 3529 2099 4318 2059 352 2666 1463 2366 3852 2763 1003 4508 3027 4715 4221 918 3047 4597 1265 247 1769 1245 2488 1635 4340 2090 3749 1956 2410 1720 4689 2351 721 1731 4127 1620 3103 3734 860 2138 4835 2621 3266 3736 3814 2322 1598 4400 3345 3514 635 3109 855 4085 4272 3320 623 1787 3015 2951 764 939 4600 1452 3131 2389 3338 2782 2038 1183 3886 2157 3477 870 637 2175 4784 3561 2377 1084 2590 2421 3041 370 2554 2953 1006 3745 4189 3371 1242 1817 1832 1556 2980 3413 1302 4375 368 1001 2323 2077 4990 655 3334 3702 4075 4971 812 2344 3587 574 4022 1106 1232 520 4050 674 1905 1129 1320 858 1639 3203 658 4979 1887 4897 1970 1995 1345 2133 2637 3120 3834 4714 4999 3302 4823 4887 3962 455 459 4378 3918 569 4446 137 2622 1846 1894 795 1092 1227 2232 4460 4069 2685 3924 1779 318 905 2949 521 1551 3469 3723 2030 1859 516 4151 3989 1284 494 693 868 3399 1331 3597 2194 3726 1891 205 4945 4579 211 4500 2235 4963 3612 3592 1298 3686 3621 2257 1649 4258 3563 1694 1010 3274 3175 2746 784 4651 3899 3579 1844 3557 61 4241 1717 1919 591 2672 604 3576 2309 1439 1640 4463 4687 4584 2287 3667 680 4480 4601 148 3681 3025 738 335 3056 2306 3919 220 3181 587 4911 2467 1563 805 4186 2778 1198 4129 4029 1590 4231 62 4615 4404 2603 4634 2180 1619 4133 2266 475 4776 1712 3467 3196 3439 244 2747 2613 3732 2015 1893 904 873 2469 4474 2938 4957 2243 3384 2076 1323 683 4994 1958 199 2734 1695 4107 559 4002 2290 1687 1662 3522 1633 4594 2374 4368 2657 1537 611 4145 4142 2671 4988 428 3116 4256 3143 3479 3999 1209 3237 2069 945 4449 4736 1248 2002 262 1946 2712 2253 2454 1959 1606 2825 3414 3515 1467 4517 1314 4735 3417 1679 4725 2415 1140 4528 2278 3685 629 155 3016 3154 2581 301 2652 3172 1761 2525 1249 4868 2710 2638 2534 711 1274 773 677 4311 4849 4128 1002 2188 2192 2656 3978 234 4987 3484 4190 242 3952 4097 999 2485 2727 2349 2006 4710 2583 2426 1093 2005 1839 3802 1497 190 1659 2831 4024 2543 2561 3894 1384 3898 4561 201 1220 2729 2892 1643 102 479 4772 1233 2326 4581 2606 1422 4502 1465 3268 3652 298 744 3361 2072 2118 3050 4025 3459 434 272 3754 3062 35 542 3292 1672 1678 1501 3747 4937 3772 4345 4210 1047 2446 1100 1156 2043 2083 2978 4093 255 4948 3422 4020 167 183 4327 2594 111 2869 4633 1421 3839 2448 4275 1700 599 4301 2361 3081 3367 30 2411 2346 4160 4861 1489 3769 3351 3623 4433 19 2765 2527 3806 770 2245 2222 135 2115 3848 1096 3975 632 1886 2814 507 32 496 3637 3362 3600 457 2699 1746 2345 424 3177 2358 4536 4514 400 3280 1287 1272 2042 1673 1205 2686 2058 1784 3781 1052 4249 82 4655 4932 3926 4019 864 2713 3495 2694 1417 527 1239 813 3086 4801 2337 207 1490 4855 3676 3691 4527 2833 2914 1646 391 2379 3572 1250 1127 2578 2041 2498 3687 3213 3244 1057 2968 4586 256 3494 3933 314 4705 4294 4477 359 3440 438 2823 320 3896 1766 2007 3867 1840 3217 4507 2267 765 4741 1869 166 413 1632 2887 898 1874 3828 982 79 2944 911 3051 1264 4509 3662 89 2653 4481 2492 416 1594 2738 3913 1608 853 140 4548 2890 4307 3239 1730 2932 4187 2026 2756 978 1664 3009 4216 3875 3546 389 3604 3706 4626 1912 1326 311 1483 643 1133 4545 3711 2703 2907 3730 116 3462 4013 4678 1799 2035 4351 3460 1634 2117 969 115 1087 4512 3906 1488 483 203 548 1231 204 4570 1801 1038 993 2803 915 84 3219 4105 192 3491 2999 1444 505 208 1466 3803 4089 1937 3668 3647 4610 294 1247 4492 759 1124 4192 2717 4434 675 679 3003 1288 971 887 1195 1522 760 325 2736 704 3063 158 924 4984 2368 3986 4407 3562 736 4918 1596 768 789 1408 123 4934 2080 1778 3646 1828 181 2715 1190 1150 3953 4306 2131 4824 4914 2567 1962 2669 3310 2753 4406 688 720 2154 4676 1508 3556 2589 1514 3731 1229 4542 3406 3159 2973 2142 1971 2456 3311 1707 1179 444 3071 3060 1753 754 708 4905 309 2136 73 4722 3128 2121 1493 3626 3616 3173 1153 2158 3859 4418 1552 659 4065 1279 4385 1939 3073 1453 1363 2221 3168 2632 534 3383 3188 1258 2233 2605 4009 4414 2929 4754 4064 1898 2227 2827 1380 4565 2547 4640 718 2962 2739 4853 2625 824 3615 3076 4196 2085 1004 941 1975 782 2752 1199 3942 327 832 1495 3654 1604 2422 2331 3263 867 3147 2780 3636 3197 4519 4894 1237 4623 4596 3996 86 4071 4976 3571 1503 671 1774 2899 2794 2178 4300 3551 2995 4794 4486 563 3305 4462 4036 1482 4974 2120 4184 2388 3250 2105 4923 2103 845 3119 217 3540 439 1773 3125 373 3108 702 2491 2383 1131 1534 2682 1479 565 886 1401 4518 2284 1046 2003 4101 1811 4357 1339 4817 4730 2317 1317 49 4869 2758 4134 695 243 930 3392 2506 2512 1257 3640 1681 2570 1523 717 3728 1738 2300 1109 3838 4049 396 3738 4119 83 1602 4758 3865 997 4572 2790 2975 3714 3821 136 2283 2011 4251 3870 2640 2920 2414 3489 12 3331 894 1504 2023 737 3501 1855 4048 4750 2081 3965 3141 4377 4333 2861 1253 2364 4529 374 2830 2536 3725 4054 4099 3537 2204 3720 2902 2396 372 4685 3424 4141 605 1477 202 4660 1492 2425 1736 2925 3853 2424 645 2898 3785 2751 1029 1714 607 1500 946 3879 1334 2348 4534 1911 804 2053 2860 3200 1352 1280 281 3294 1790 1847 3694 779 4083 3139 1813 3797 4888 2642 3696 1374 4593 1797 4555 2677 511 189 1364 2408 1835 48 2711 1254 762 1223 3916 1593 1017 2681 3279 515 2893 2500 2478 144 625 4753 1929 1202 3229 1879 2496 4884 2648 3453 1144 4316 3010 122 4827 254 478 543 454 1468 4329 2558 4672 4917 4260 2698 2555 4312 2569 3788 1475 4389 2056 1173 1564 619 474 1379 639 684 3874 669 2199 4755 4006 3 3521 3786 3329 2289 2964 437 4052 2100 700 1676 1658 4589 2242 1582 3339 4628 4310 4388 4982 4818 4095 513 4393 1836 1080 1371 4063 2956 3169 539 351 1705 2101 4924 3048 1433 4723 245 2891 4453 3618 2701 2609 921 3665 2767 4277 1701 2665 3721 1842 4531 4646 1494 3340 2846 2420 2509 1505 4907 4039 961 1358 3356 3712 4867 4695 884 2137 2800 3812 4901 3323 603 1932 2612 376 1933 2203 4663 4226 2984 2804 3273 3609 1083 1192 3883 2721 1167 4386 297 566 53 3528 1789 842 908 1263 2318 2297 261 1207 512 1930 3102 4919 1528 13 2585 2776 1416 406 4317 533 4106 307 1424 248 3113 1170 2611 1200 1426 1614 1872 3925 225 3054 3660 3096 4744 1581 2060 2562 2966 363 3789 880 430 487 3748 4751 2998 2934 484 1978 820 1313 2881 4079 1099 4053 1530 2096 4008 3589 3077 1400 801 4215 1574 74 23 4467 1105 4761 78 4995 576 3472 1069 1704 2315 4538 808 2350 1082 4533 3052 4837 2027 1365 2106 2363 3928 2307 1822 1461 633 2048 3510 933 4747 283 4742 863 3849 3432 429 4743 3810 2565 4062 3388 3782 1684 1224 2373 3410 3813 1588 1219 4706 3742 2954 1485 3247 3137 271 106 3024 3083 2074 2010 1117 1366 3259 3347 4840 4770 4902 364 3994 163 81 379 3920 1733 1792 2435 3074 503 3602 3590 3624 1570 1252 2781 2172 1182 3190 3438 4113 598 1431 417 2928 4654 1569 1498 2334 2847 1378 191 2900 2538 2950 4183 2777 3595 1158 1425 4017 4899 2853 3067 270 1841 4786 4181 1062 4562 4931 4455 71 1462 4287 1926 4073 4839 4488 132 2022 3968 3133 1767 705 2520 4860 3483 2068 2572 4836 463 4155 1626 4220 1304 1654 4163 3964 1184 2591 3433 1858 4123 458 3253 1762 3378 4787 3974 37 652 3348 2856 3727 2723 1214 3921 3717 814 4156 1525 1027 393 1961 4332 1151 1786 4091 2866 172 1907 2924 4991 848 231 3630 1878 712 2009 1187 3692 1359 3221 4624 2988 2889 3295 4739 2819 2551 2324 1802 3443 1974 3447 807 3613 407 1034 1341 1554 2840 733 4603 3950 1957 3166 987 1519 3146 2516 2228 2384 4138 4080 3059 4276 4605 2268 4844 1222 4612 4591 3087 555 4946 4950 4576 4051 1910 602 4643 1206 1088 468 2921 4285 1851 1628 339 706 2453 1019 3358 3934 3365 2250 1456 3729 2913 1236 1282 691 2039 4395 4176 3885 901 1982 341 4207 3765 412 4178 1691 1293 1016 4847 1357 4627 2381 1164 4348 2270 1964 3286 2579 799 3977 3843 3794 2024 2347 2244 2464 2982 2942 196 4541 295 1830 3716 1572 422 2668 1273 638 4641 3291 4028 844 1385 2993 4881 2451 4718 476 93 1861 2070 1550 2991 4131 1702 1095 558 965 4879 3123 3775 2193 1617 421 958 3283 3532 2979 1796 257 2604 2916 4904 2560 525 4130 1532 2339 2876 713 2705 1091 1900 3357 2708 836 4440 4309 3144 1984 4930 4112 861 2726 1152 2419 4815 3659 4980 88 121 2159 2125 3215 1993 2442 2109 2119 1459 2674 498 3450 3535 653 2482 2198 4090 4915 1952 3835 3764 2897 2462 1390 3560 375 1204 4929 2824 2113 402 1539 1595 3448 96 2679 1014 2904 2646 447 3584 324 4846 113 426 1903 1289 1185 1240 2911 2033 4376 3869 4088 274 1823 3088 3245 1418 1436 1544 553 3607 355 4430 4831 3199 1568 3167 3285 3757 4813 4426 4399 3224 2635 3559 4875 1576 1412 2760 2812 4539 526 3780 3094 3093 3201 823 4213 3069 1213 1210 1585 3982 761 4638 3214 4432 1089 3281 2810 1458 1079 1246 3104 796 4441 4010 650 4339 3260 226 3377 4621 209 1699 2661 3704 10 1815 4067 1669 1454 1571 1953 4132 3043 2391 4034 3900 2878 4177 3445 1496 775 1875 1616 1651 2262 4496 2607 3705 21 1375 2912 1665 891 3881 3140 381 4773 1125 2631 2614 4885 3945 2576 330 1771 2985 514 480 4261 2430 1954 415 3366 3709 2164 991 4330 2879 4233 269 560 4763 2511 4859 830 3391 3577 2592 2683 3387 3142 124 1821 2526 1039 4077 2871 1043 809 1696 2552 232 3287 2796 1667 4537 4622 3170 2513 545 51 1351 2171 3503 3625 2744 1509 3303 3988 4728 1895 4167 3710 3889 3536 130 2580 1941 2926 2959 120 3903 3891 3530 2490 2740 1845 2977 4779 1698 1795 1409 4883 3475 3401 2624 3138 4949 3335 1992 2279 4292 3753 907 1697 3825 3516 3162 1270 4940 3470 3325 994 976 2692 1473 2854 874 3998 4822 4262 4223 431 4637 4092 4954 3034 378 2066 4858 3084 1414 2144 354 80 1583 2548 1648 3231 2127 4122 1881 473 4248 2452 1349 2542 1920 2029 1747 925 2598 356 134 1764 1367 4962 2303 4026 4185 1938 2265 3690 2619 2610 2761 4701 2472 2903 3513 4953 1035 3258 1548 1520 3153 2868 97 2620 554 4436 2539 4642 4018 2210 2573 4491 672 960 317 303 1175 2275 180 791 1613 2282 4087 4240 4951 676 4193 1819 4188 3251 3324 1073 1502 3394 1683 4438 2786 524 222 268 4171 2457 2915 3719 423 2958 1196 4224 2616 2271 1230 780 2208 3992 2034 3846 3674 4235 837 1727 4645 4842 1162 1075 3306 2063 2166 362 869 492 500 1741 893 1558 4819 4254 3209 3393 3452 1338 284 90 4021 4943 859 1243 2255 1529 1692 1545 4242 556 537 3622 3065 1981 3496 1295 2517 2404 2719 43 3868 4229 1442 896 2224 722 2050 4485 2821 4504 3400 1624 4014 567 3619 1597 2413 1605 3983 69 2150 1612 2165 1710 2906 1538 4942 1653 2990 2359 4966 1078 2749 2704 2623 1116 58 3271 1565 2380 2226 3262 4690 4653 1333 3645 589 3163 3150 3008 321 3233 974 138 2152 2095 445 1752 4011 1142 2229 4094 3959 4968 2240 2293 2434 240 2981 4912 2743 2104 1299 2654 3101 2045 3242 1827 287 2259 2556 1737 2837 3465 2875 4913 1048 1951 4577 4865 2355 2392 1734 264 3827 2909 3375 2706 3985 1471 4595 758 620 2568 1126 3455 4110 1148 3420 4807 4820 647 1315 3657 3037 3581 4015 1575 4204 1901 1337 892 1486 728 485 3832 1983 1896 1111 332 723 3319 4202 2815 390 3887 1090 3342 1277 1876 753 4891 286 2707 4319 710 862 2785 3249 4726 4232 56 1122 1560 4037 1055 184 4469 2397 3451 2473 4734 4521 2089 2216 223 1450 1 3550 1902 3940 2844 1765 4691 1791 4347 4554 3040 1303 3830 4280 3299 4501 2108 4203 448 811 4746 131 3415 618 41 4121 1447 2745 940 403 1656 3708 4666 1533 1689 4367 114 4320 4703 2599 3573 1396 931 173 1757 238 2961 2937 1267 2401 729 4209 1726 2122 541 3956 4326 4636 4650 4361 229 1098 2820 3677 2600 1812 3265 689 615 3360 171 3506 1312 1783 3533 4153 4273 54 3372 2725 4355 3189 2130 4325 2441 3282 45 4172 890 3914 2714 1629 834 3629 2486 2971 926 3149 3115 1297 2201 1141 1327 2818 3408 1724 3826 3039 127 1443 2062 3227 3526 4793 4816 1110 1316 1238 2930 347 3680 2992 2731 4955 1120 350 1404 2239 4243 3929 2328 3684 3841 1157 3603 1745 4394 1360 139 4569 1880 821 236 2001 2320 4892 1923 2862 626 2582 3760 4271 802 2577 383 1772 367 3586 1868 3492 4498 2775 4781 667 2445 3695 3078 3718 3343 2602 64 333 3525 1524 4788 747 3833 967 125 2693 3912 4471 3689 3507 2308 1260 2636 2662 4412 266 3411 1825 4933 2806 1527 1831 2764 4782 302 4444 803 3884 636 1680 316 594 1967 1094 2126 4738 293 4716 1682 2720 4699 2667 1342 4925 794 4903 210 621 4983 3784 1927 67 2416 4656 3441 493 2922 4877 3132 1909 3042 1541 4061 2040 983 847 4598 228 564 2976 1383 3476 3955 2234 1321 3204 4475 1395 2378 3570 1051 3035 1708 3106 2848 3947 3648 1174 4765 279 472 3634 4391 3876 2544 1860 1470 4 2676 2586 641 4567 4303 3353 75 3892 538 750 4148 4369 3368 610 3444 2855 1808 508 4200 1768 2772 1406 2533 162 387 2209 221 4998 3512 1553 4103 3364 876 2064 2549 2838 732 4140 14 4766 3423 40 22 2329 3862 4397 3124 1759 1112 1866 1353 2495 2071 4246 877 1877 1674 3990 2487 108 552 2996 2206 2295 2826 536 2223 3856 1997 3902 3363 4417 1446 4804 1329 4473 1256 3970 2418 1526 2225 3635 2170 4895 1677 1176 3471 544 2851 2183 2461 1283 927 4856 152 249 3818 3160 4137 160 3567 2405 4616 973 1138 3905 3210 94 4012 2728 2427 2369 2079 3808 1980 4295 1059 239 156 3995 2466 531 980 3187 2112 399 3502 992 253 3822 3354 3569 2626 409 2880 690 2969 1403 3650 1735 1942 198 1960 1026 3973 1663 52 3558 985 4337 2385 3184 2316 4007 2044 3857 2514 4409 1580 4147 443 1136 2842 1005 4396 2231 4422 2335 3897 2675 3958 1922 224 3770 1370 4218 4613 3523 1543 3118 4960 39 1636 2945 1172 4830 597 4851 4413 4161 1948 2167 4921 4873 313 490 2805 3509 3297 2587 4503 1557 3907 2000 745 3666 4909 996 1637 3397 147 4382 2787 777 3296 4515 1181 838 1457 3264 2700 4857 3845 792 3135 47 1807 3333 3435 1843 353 4673 1690 4219 2128 3811 2406 4494 176 2919 3855 2690 4814 4495 4803 3486 1856 25 1211 4989 724 1077 2645 2484 2687 3632 964 989 1925 377 4889 1373 1996 3019 2762 2595 2205 3225 3872 955 4697 394 2540 1592 817 4659 4910 2332 2431 3234 2531 709 2155 2123 1350 4423 3075 3307 2260 3315 4237 1723 68 2075 767 938 1113 4499 506 3022 3148 246 1292 826 501 988 3436 1009 697 612 2807 3330 2684 3252 4411 259 1324 2252 2845 3419 4244 3030 3298 2190 1645 2037 903 1121 714 4862 4143 1041 3208 4639 2395 2356 953 146 3344 1999 141 1921 432 1742 1398 44 2788 3057 649 411 699 1788 2073 2475 2943 975 4748 3045 3864 1372 2211 4451 24 4420 3374 822 1890 3518 4354 3312 477 2047 4759 3628 2730 481 1193 4664 193 260 3256 179 4553 2140 1935 2247 499 2766 4874 4175 2107 34 1758 1852 3288 3564 4871 3599 3107 4308 1584 2148 2948 276 3321 4497 4267 4698 3815 4136 3713 2455 4465 4211 2016 60 4182 4850 4694 3545 2246 59 2793 3198 4588 4313 1262 4335 4270 937 4198 214 517 4331 1810 4472 4302 3255 2437 4158 3095 3871 3478 3954 2571 2195 570 4023 916 3416 1800 4566 757 3922 3793 2896 2522 464 2134 1685 3763 959 4713 1546 854 384 557 2834 7 3820 2965 1428 77 2967 657 883 3126 2019 4614 831 3756 742 1203 3605 1732 2093 790 3548 3127 942 4070 497 3157 4790 3524 1535 986 159 2360 1449 1542 1376 3192 4135 2269 4387 577 4896 1155 572 2695 306 2792 1850 3771 2248 4590 4096 3804 2550 3429 1615 2769 3068 4031 928 2202 3670 4259 46 1820 1785 218 4552 1729 769 1863 9 681 984 3553 2566 3790 3418 936 4392 4828 1168 4799 3931 4941 164 2281 4682 435 752 2798 878 968 3697 948 1460 348 1829 3155 99 4520 4291 4334 4033 4629 1060 3801 3380 1369 3641 4798 1007 1721 2489 4252 3539 2160 20 2933 634 3332 1638 2407 3359 644 1728 4470 4431 3842 4829 2507 3703 4239 2888 1040 3963 979 4838 900 3655 1218 2304 4068 2098 29 2036 3317 3165 4878 746 288 2012 581 3488 4680 4845 3917 3840 1914 2481 1318 1998 2263 2025 451 4466 4197 617 763 4371 4282 4972 4973 881 3617 26 105 3923 3936 319 488 766 731 1336 3316 299 1715 2372 273 185 4978 3549 2535 4443 776 2750 1536 197 489 2249 4338 1924 397 357 2680 4516 2768 4100 3555 1217 2524 3337 2927 107 1748 4780 1848 3284 4791 4174 3017 4150 4439 781 1438 3944 818 2182 3020 1906 3110 2564 1818 4587 4696 1610 4040 1296 3031 4372 1647 2647 1056 920 230 1660 312 1294 3971 1870 846 1361 1990 4005 2852 2960 596 4286 740 3490 3246 2867 4358 3223 2797 1455 4805 4279 308 3688 4568 4421 4870 4362 4792 1413 735 4154 462 3741 3176 2918 4424 3678 3085 1037 4546 3649 952 1862 4558 1587 4398 151 4543 1344 2939 4833 1625 3565 338 2343 1686 1032 1968 1441 4733 1739 2770 3407 486 450 4408 772 4668 2086 4544 4125 3807 1513 4709 3927 3014 296 3614 3707 956 3158 3644 1688 584 3715 1215 358 1430 1966 4042 1918 1867 4607 2872 4756 1332 3446 4977 1512 2450 1913 3606 2537 3663 730 2468 3055 1053 917 1221 4961 2886 4390 175 2237 70 2774 2865 1171 4078 1241 1934 3430 3751 3639 1517 549 2553 4152 1177 4526 3409 2055 1244 4328 3011 3053 727 329 18 85 4217 1804 4563 322 1627 4429 2828 4876 1445 4670 3901 16 2409 4111 4364 2049 2779 2217 1008 1076 1397 1123 2659 4711 4445 2894 2795 532 3293 1147 522 4767 2663 2097 3966 4305 6 748 3434 4981 950 3402 1382 3257 4864 4843 267 343 518 2173 1642 3390 2280 715 2643 2314 2546 3554 2200 1068 4194 2151 719 668 2633 4704 1871 810 2946 640 3006 995 3385 2917 1000 692 4997 4405 2742 651 1988 4675 4489 1749 1555 4350 15 241 3796 4665 3596 3961 1559 1586 3395 578 707 4731 1722 4464 4677 1991 1281 595 1070 4098 2931 2321 1955 1407 739 2305 4609 4635 902 3777 128 2660 3180 3270 1420 2174 1086 4199 165 1567 2087 2735 395 291 3114 3098 1286 895 3568 4965 4179 778 2664 3578 4296 3776 126 4381 4760 4606 2301 4365 3594 28 3800 919 841 2829 1023 63 3682 2376 4281 866 4975 2480 646 1888 2145 1973 4809 588 2470 8 600 3405 3398 1108 1675 3182 1601 4468 3505 3254 1668 3220 386 3878 1044 4669 200 1394 36 1719 2987 579 4117 1977 1515 935 3301 2189 3583 2054 4114 2176 2238 4841 4373 4144 2236 2110 4712 452 3421 1751 1377 4671 3028 3346 3029 4487 1135 2691 4290 1134 2286 3935 133 3183 1549 4490 3817 2497 815 3046 1399 2688 2313 4461 4004 3700 1305 3442 3449 2545 1065 418 1849 3314 4126 523 1578 216 4657 3386 5000 3001 2393 4442 466 4284 2908 1160 3064 3350 3531 344 871 4476 3164 4795 3542 1319 1540 4524 3699 4402 4532 3574 4560 2850 3426 2432 1600 2801 2370 4108 4086 3750 3701 664 540 4898 263 4947 4201 109 2615 3437 3481 4116 1989 2114 3658 806 2529 666 3369 2256 2952 550 4030 1388 1212 2783 2963 1307 3664 1188 1322 4478 2241 4707 1440 2733 2673 4437 4058 4882 186 2835 2471 716 365 833 703 1987 1115 27 3679 4964 72 888 3824 3653 4681 1197 1066 609 3866 4081 4900 4821 4608 2970 2292 4834 4719 4315 1763 1228 899 2177 1071 1354 360 4749 4452 2817 4314 3130 4573 1744 3836 2046 3791 2403 4649 2864 4323 3336 3819 4771 2515 1481 3278 4191 3851 3580 4118 4604 1652 4016 1782 3474 2849 1225 4278 4428 3591 4920 3355 2111 178 3908 4047 1166 2084 2697 3464 1419 2874 2340 206 3519 4745 3191 4274 2724 1644 4458 1986 2870 1381 2014 2168 2639 154 4852 95 1451 1487 4956 624 1415 471 798 3932 3893 3909 1776 2627 1306 2885 4662 1427 1391 2371 2901 382 3174 1448 2169 966 1940 2436 2091 4547 3888 2184 1480 4928 4808 783 2941 3733 1793 1618 2367 4056 2219 3070 4359 1330 453 2994 2773 1036 4447 627 4585 4060 2330 1169 4952 3499 2983 3987 1591 4927 622 2789 1547 4230 3620 4729 2458 3877 2649 3651 4410 2596 219 3880 2336 4863 3089 585 897 3744 282 1883 2910 1269 4001 3121 923 1873 947 1325 278 3575 2386 4255 3980 3792 2261 4525 31 2617 4939 2021 608 4551 2629 662 4540 2593 4810 3202 3991 2460 3276 4684 3863 929 1271 504 580 4352 616 2008 3633 4692 1335 4768 1259 2465 1021 1067 3938 3860 4774 972 583 573 170 235 3608 2354 265 4652 4115 4228 1013 4419 153 233 2670 4059 3349 631 371 2196 2382 142 3937 4120 2839 3428 2716 2784 433 420 3854 2028 3373 4214 1434 922 4944 2186 436 913 1943 1020 4435 2357 2143 2032 174 4926 4109 3261 461 3473 4764 3389 1622 3290 2082 334 1510 4796 2651 3033 3910 1864 310 1097 2584 2494 1611 349 4225 2528 3099 665 1743 990 3021 4165 4866 2017 1389 1561 1163 4164 4250 3661 1189 2722 3195 2741 1145 4416 2483 1566 843 4559 4484 3683 4679 3816 4832 2031 1703 1781 280 3497 3517 3318 4872 3960 2501 3151 1834 2504 3404 1621 686 212 2215 670 250 118 4592 3504 3002 1012 4425 3272 145 3693 3643 962 385 2858 698 2394 2067 630 237 2634 3171 1750 460 3007 2353 3352 1368 4344 1074 661 92 1562 2523 2541 4356 4353 4510 977 328 3431 1518 4245 3222 3396 342 4802 934 2791 1857 849 119 3798 3152 129 2312 4283 4683 3205 2757 3673 2 879 1806 4180 1794 2443 3013 656 4403 725 441 1054 1814 4363 2718 4321 1405 1603 3066 1969 4401 1180 3847 2597 1915 575 4619 1476 2503 3018 4384 4366 2877 2428 2116 2444 1300 4826 4084 323 1025 1285 252 4045 2502 654 601 4265 561 1474 4513 856 2273 1725 1775 346 4289 4124 1947 606 1275 187 3058 592 2521 4658 4958 3082 1022 793 1469 440 3382 4166 2124 4993 2641 1355 3322 4564 4549 535 682 4349 3267 157 290 957 195 850 2311 4227 2061 1950 4102 2557 2398 1511 3313 1050 660 169 2650 839 751 177 2957 2191 2433 2519 3248 2214 2843 4264 98 2816 2299 4688 101 2655 1709 3976 3638 3844 2162 3759 3228 1816 1266 4149 1255 3984 1130 1101 1234 1235 1854 11 4360 495 4046 3136 2940 2094 2863 4848 829 2298 2277 4959 3211 1945 1599 1216 2476 4599 1132 1143 771 1499 2362 112 1491 4617 2294 3787 2285 4625 1102 4812 2132 1516 3762 3277 2459 3783 4299 1061 4644 1577 4043 3300 3724 4298 4159 3520 66 2974 1031 3861 3112 4222 1931 2220 1226 1291 3328 275 1623 3376 1161 2518 1853 1770 3904 2102 4380 1435 1650 3585 4922 3930 701 1865 4450 3012 4825 1609 4383 3823 188 2440 2813 4969 3370 4700 3111 4578 3735 143 110 4967 882 117 442 3767 571 304 340 251 1201 3957 4044 528 4511 3463 4370 1716 2510 1944 944 1045 3774 4797 2895 215 4104 547 3092 4074 3534 1670 2327 194 2020 2230 3593 2989 4737 50 104 2771 949 4727 1824 800 2618 419 4724 2341 17 3948 2135 2051 4297 4169 2147 2365 3755 2146 4238 2291 1128 4146 1393 2696 4580 3779 3079 258 2493 2139 4247 509 292 3972 4783 2438 3915 2628 4582 3498 2402 1706 3186 331 943 1165 663 4571 1423 1837 1107 366 1011 4769 3541 4890 2754 1309 1208 2709 3656 2325 5 2088 4076 4234 3858 819 3500 816 696 1072 1104 3232 1042 2678 4611 1432 2197 678 4648
10000
9171 4599 1077 6801 2858 3034 6705 7961 9999 9731 1206 7050 9864 812 4838 7179 5801 2991 6366 13 718 6972 1806 4007 3622 6217 9697 5902 887 7317 5629 8160 8873 1405 3330 4825 358 8173 2755 7146 6381 5175 1155 4686 8574 6772 6954 9176 6981 3110 8539 8331 2079 1572 3595 4497 9185 4942 81 1426 6674 1838 7272 2385 3156 1939 5027 5146 4106 9511 5021 867 9771 4582 672 8990 9025 2050 9214 2037 1784 865 5510 968 1386 1545 6048 6456 5070 7148 7944 1102 7162 6372 8456 6787 2774 6102 744 5289 6400 7759 385 2278 8639 9633 323 5017 6950 2441 2226 9776 3132 7051 9417 8654 5150 4003 9314 4875 1371 7125 3163 9688 5310 4760 9888 576 4372 7027 3069 3063 3429 9814 2371 3173 9358 5264 6211 3947 3420 8 2511 3648 6317 7310 9448 9980 9450 7500 2393 9923 310 1411 7708 5727 9521 264 2207 9549 9499 7996 3693 8792 1507 1289 3096 1240 5303 6151 2629 965 5593 4143 4675 6899 4248 8147 5219 2550 9700 7309 7199 6889 9725 6780 928 5351 8057 5630 8020 7620 4684 6072 179 5689 4625 9676 7741 3815 4977 2408 4153 4809 6918 9489 6800 5144 8314 6975 4641 5064 8698 28 8696 6143 6866 7724 1023 9369 6235 6544 3863 2097 3381 1937 3397 9624 7553 3536 2687 1273 9760 3365 6547 3628 168 9775 596 4855 1615 7959 1882 6969 5685 3438 3068 931 6023 7633 510 6760 6254 4432 9452 5867 381 7609 9745 3811 799 914 2397 4682 5167 1315 3792 9904 8636 1375 6135 8883 2916 5847 7109 1120 6856 7814 9297 4221 9485 896 5733 9757 8981 653 9696 1549 4951 4174 2458 394 6829 3767 5606 3862 7038 3890 1867 1425 3331 4981 7113 1961 4358 1621 1548 76 9289 118 4035 9295 340 981 7075 6281 5370 3387 6892 601 6014 7890 5449 7300 8174 7818 9334 2933 3382 1191 7569 7736 8383 5617 4819 4980 4994 3665 543 4650 7402 4336 3185 7673 811 3437 4771 1236 735 7513 638 423 9057 9997 1249 2245 9090 801 5781 9342 9822 2990 3436 7610 957 9843 9666 7677 4665 3333 6401 7240 9630 8172 6561 409 5402 2753 6469 6910 3571 3231 2857 7894 3735 6025 4969 5390 7440 8041 8722 2133 7265 68 564 2504 1668 7288 379 9733 8368 8093 4441 2171 665 8953 1438 7990 5827 4227 1022 8592 2876 4473 5816 5776 3908 1400 1480 3363 7668 8733 523 5808 8394 6810 4808 8591 7055 4045 8568 3086 7106 3678 3030 8329 4439 9690 5306 1625 6729 6042 8159 5714 502 8337 2870 2611 7114 4075 6457 947 7642 6640 4807 5324 9707 682 4623 9316 8862 8470 2740 2723 3660 3085 3912 5633 3936 6045 8403 3701 33 1753 1541 2952 1360 721 2471 3816 850 4200 4480 5276 1879 4020 484 7137 4764 6479 5728 4899 9900 9642 2646 622 869 9951 5188 3512 8757 6243 2797 9160 479 117 2784 6727 938 6785 7008 3407 2304 7592 3988 54 8046 1165 7999 2693 21 8957 4548 1708 9212 6654 8096 2890 2289 6778 6659 222 5106 192 4559 6834 1223 5362 5856 2474 5635 2205 5047 6327 3705 6723 3037 5304 2073 1910 8176 597 920 4420 5904 169 5020 2012 3145 8169 8834 4802 7621 5179 2880 6748 640 2804 4472 6998 8863 4183 6688 3752 2258 173 1539 9004 4456 52 8596 1420 2636 6309 5581 1525 3338 769 6078 5066 4317 8309 3567 860 8837 2109 679 4391 6612 6206 9544 8971 8227 4904 3225 8511 654 7486 1956 8325 7158 2426 6628 5022 6665 7466 2966 1670 3647 2338 790 3564 3007 9152 3686 3582 9001 5277 5673 7316 1280 3713 4507 7645 4313 9380 6414 5111 4648 9694 5374 726 9357 4344 2389 641 5458 4815 9510 4512 1335 3036 530 1693 7726 9484 8716 9567 3542 7910 4214 5005 1014 1160 2732 6152 7492 8445 9858 2445 6662 2168 6526 8164 9927 4210 9283 344 8796 4186 6870 2080 3300 8437 8328 4208 377 1051 2950 8825 5134 5211 94 1602 2491 2132 8558 450 1361 765 2574 7234 5550 6060 6663 375 4514 2070 8426 441 2730 6993 8649 6963 360 1979 9552 4540 7018 3801 7526 159 8606 4386 1871 4298 3600 9259 2598 9429 4835 5632 611 1297 181 7036 4167 9018 5846 6989 8360 8788 7744 1311 7825 8443 9379 5180 7872 211 2599 8229 2625 8378 5839 5491 6948 8409 3520 1209 7414 3351 4671 4353 7192 7151 669 3714 5003 9513 8155 8992 70 7616 7694 4820 7409 4265 8069 6620 4021 5259 3417 481 4282 378 5335 4928 2221 3235 4677 5604 9068 6094 9613 918 2519 3324 2495 1494 1592 9150 8339 6338 1561 5907 392 4252 8244 620 1862 6621 5956 6731 959 8222 9007 9033 6074 497 8562 9453 5127 6429 4918 315 3283 3277 2266 3541 5421 7681 3503 4081 6587 4370 1526 9403 7365 6550 7254 6630 5131 1057 6049 7029 4789 6839 5503 8276 2383 3911 2847 1773 2779 634 8817 9821 5787 5721 7644 7663 198 3891 1341 1634 9054 172 1489 7720 7983 777 4395 1707 7119 1214 1039 2762 3425 6441 4849 4142 7438 3495 6315 3462 1648 4014 5607 3332 3095 3728 157 7729 6657 925 3942 7811 2091 1156 1075 1460 559 2356 4203 6629 4465 71 9168 560 2555 2242 4059 7007 2959 8231 1074 2947 7751 1537 2878 6223 4136 6934 4554 1151 7304 6902 6440 4649 5247 8388 7394 419 652 3797 4953 8673 6504 5844 1248 4226 7023 8659 2867 753 814 1301 4634 4321 7396 7505 7566 2642 6173 9044 8007 8872 6168 2510 7328 2524 1930 3613 4193 1374 9053 2470 6677 8768 6853 5132 3609 6383 3199 6063 36 6610 1036 7861 5854 6145 1437 7858 5254 8398 7955 9322 7217 3753 1025 589 6089 5921 1069 7794 6927 4499 4467 9636 3688 1233 7370 2866 4414 7878 2705 8762 7428 3190 251 8585 1833 8100 2088 2648 8629 9407 7337 1555 4617 4118 3617 6953 6001 4594 1462 9845 7731 7009 6099 2873 1521 1817 8783 9568 3987 5888 9470 1406 5599 7853 9285 6079 2934 3922 1999 1669 3006 5598 5735 1600 9021 7921 936 5764 7072 6248 6218 9887 6246 4703 3996 3197 2246 8745 6600 1659 7619 1167 5354 2006 9173 9140 3183 2484 8754 1945 3370 449 2203 2569 2786 4374 7049 2969 5095 2053 2560 2630 1344 7679 6707 4482 824 6012 5731 3842 8130 5024 9786 4618 277 4726 4965 6805 7411 2412 3117 4284 9551 8541 6033 9233 2466 7253 2763 610 507 6319 5099 5874 9151 6213 5091 2375 3505 6174 4748 917 321 5998 946 5558 7817 5720 7271 424 6795 9231 2854 100 9702 2107 4955 2998 6004 2290 2911 3099 3224 7174 8151 3999 7855 9913 5622 8074 6347 48 4575 4037 6343 3777 3669 832 1016 435 1285 2473 9607 876 8936 8301 8262 5152 2939 5719 4139 2772 5155 2614 5314 6431 6616 3325 8099 4828 7913 984 4651 7546 4060 6712 4635 4962 9803 817 3597 9986 5093 7034 90 8555 3055 6606 3389 8260 9791 1846 5623 7931 7680 4763 2298 542 6500 7481 2457 7045 1381 3877 9948 3855 410 5849 9878 6893 7628 7067 2259 3920 5039 3065 2085 1237 599 6197 3764 3664 5877 9705 787 5300 2528 7945 4025 6816 5989 3847 6259 9213 326 6204 1299 9715 8732 5976 9238 774 7815 1130 9062 8039 4114 3708 4753 5210 6125 1012 6403 3372 4842 8027 5815 5710 4272 6571 9963 3854 4681 7908 1534 4983 6314 1245 2562 7830 3518 7082 7395 8801 5199 3680 3422 3467 4744 2501 5123 3171 1874 4588 3465 7781 3106 9542 5105 8083 3887 9545 3620 5170 4642 7886 9498 712 6582 1260 9946 5546 7319 7508 9318 7350 4064 7213 7464 7798 6888 4466 2981 2496 3352 7771 7611 1161 6584 1729 9496 5651 8800 7808 7246 4154 5422 4178 7368 4415 5058 7654 279 3406 1241 2438 5509 280 7935 7243 3452 4425 4587 1501 9558 6339 2165 6142 294 200 184 7706 490 1221 8513 7920 3340 5469 8760 6770 2931 7721 983 8779 7914 8791 6395 871 2663 5183 4495 9623 5785 5318 1758 4481 1287 963 8912 8340 1514 549 5569 1803 9761 6852 802 8690 5892 6511 775 8327 591 1646 7735 1152 6286 7650 2355 6008 5065 3113 5911 9155 8090 6047 3552 5656 5894 7978 147 6046 986 2181 5916 2843 5903 1303 5872 9206 1283 6631 3048 8619 6226 7419 9092 3209 7622 8433 10000 9508 5683 8011 895 4217 6210 9747 5420 4485 5347 5159 9063 2681 8317 7716 1808 8999 8535 3432 8878 6141 3747 5686 6473 9750 7982 1440 3995 7868 7800 2231 8597 1143 1376 2568 6136 5544 7059 22 137 4088 1183 4056 7255 5034 2334 3266 2593 8411 9385 886 3133 587 8333 3780 2855 1775 943 6890 8538 7840 3176 91 2223 2100 2129 397 3593 4542 6668 1262 4189 2799 6497 5891 4397 8031 4721 8153 3711 3604 8543 3328 9947 3826 5677 5209 8929 3385 127 4727 716 4844 1556 1898 1869 9339 9861 8653 373 6557 1104 5373 104 4646 2914 6119 5128 7584 4027 374 1565 162 7393 6207 8775 2764 1626 9534 2602 2381 3162 8778 6637 3893 8860 3828 1310 1897 9907 647 7451 7187 4281 5191 9778 586 3409 7562 8902 770 743 7312 2004 2087 4699 7797 3698 5678 3090 6579 34 782 7144 19 1086 7973 7946 2802 3886 4155 7549 912 5336 359 2735 8603 8549 3258 4445 3082 786 7638 8944 1421 5971 6844 9604 6922 7792 1802 418 5194 7126 2081 5566 2108 2597 5817 4768 5035 6155 3484 2938 5298 6512 8894 42 4846 8638 5590 5870 2368 8804 483 4347 443 4701 3732 8751 6932 7809 6080 7115 9074 6310 1115 1824 1295 8286 7479 7107 9902 5433 6270 1730 6398 213 420 4612 594 6195 5418 5059 6959 8249 9654 4550 3369 7227 5653 9333 7325 5769 6565 9019 6013 5741 680 8221 4393 5447 6891 5525 7081 7749 4228 5517 7948 7356 4876 5520 3054 9706 47 8126 4299 4851 6548 5985 2685 9446 7436 736 9440 4262 8346 5701 2241 9455 9728 4945 3715 444 5879 2967 6007 3914 4450 437 6823 6783 2901 9494 2253 2449 9749 1380 1558 1844 4278 7248 5758 7181 9098 9833 5286 5554 8476 3129 7860 4652 3589 7594 7958 1883 7355 2092 9066 8671 1620 1407 1919 2717 7040 1170 6670 1464 4600 1792 5270 4426 2206 8213 8717 1401 4796 1181 5504 7349 2971 4349 3583 1286 9189 518 5778 3727 5946 7338 2045 7015 6857 2548 4826 2228 3444 3528 6291 1484 2909 61 2313 674 4058 1208 9048 7665 9035 1580 5570 2497 6137 1832 3880 5791 3798 5559 7413 2712 4362 9615 2127 3611 3766 9005 7862 8505 3849 877 187 6148 5369 4492 1367 1911 9125 3404 4273 3057 8251 7334 4788 399 4952 4148 4416 7776 9109 7849 846 553 2989 9800 3064 595 9880 9434 8484 2150 9252 8005 5041 1162 3776 529 304 3478 985 9643 9811 8559 8577 4098 4896 5033 9079 1623 3343 7327 6623 945 2889 1551 4912 9158 2173 8499 754 7660 9584 883 5848 9583 8879 4468 5885 3510 1654 570 4269 8583 8190 6097 2502 7381 4656 1317 5637 480 1571 7514 5358 6650 2618 9721 101 2592 2196 7906 6595 4319 4859 4833 3319 7071 1331 9977 8851 5500 4151 3813 8246 5450 4312 4309 7176 5226 9439 6733 8405 5584 6261 5330 7777 687 4932 6169 9294 7876 4371 1414 5053 7339 2478 8258 7579 7016 4937 7683 9773 5873 9346 5662 6129 6901 8701 8268 8620 2117 8129 8746 8560 9281 8689 9968 9560 4571 7156 6409 8370 6632 4915 6031 7013 7541 3044 7095 341 228 1011 2317 8077 9722 8492 1881 2500 8937 2985 7099 4549 9879 9103 1002 6287 2447 3757 9349 7278 2232 2265 5088 8052 2970 8245 5203 8932 5670 8304 5506 707 7499 2410 8183 6709 2233 5837 1179 5987 7032 5706 7823 2968 9546 8945 3214 8903 438 8766 7807 5516 7089 223 2808 2138 8361 908 8742 1568 805 8940 815 6399 4584 5887 9659 866 9674 5002 6995 2988 3700 6300 9955 9675 7536 4115 4422 3822 6599 1071 3207 3424 7782 2225 5693 3926 3668 3039 4276 9368 2348 7712 3768 6066 7387 3226 7208 8086 8367 4241 4931 3560 8434 8998 9335 600 3895 3146 2578 5023 3803 9525 3615 8306 7260 1157 1269 4258 7964 5943 8685 9520 1261 2506 6342 7718 4580 1814 7143 8032 9071 7604 1960 3492 6721 4086 4850 7550 3242 1216 8488 8931 8921 7497 8803 5493 6905 2838 1790 8805 1081 2364 2791 2025 8381 1593 760 9438 9170 8092 8012 2256 8819 5657 2284 6350 6265 2240 7122 8343 9426 878 6380 2465 4369 1951 6376 1811 325 3909 4437 3650 5261 8546 4734 3139 6944 5934 9492 3038 8134 6728 2788 5777 265 6719 1788 66 4933 3017 7556 5232 5618 1276 3833 335 2468 7834 5807 46 4852 3388 4816 6005 9939 8017 2552 8532 9159 3935 7014 7303 953 781 7343 1107 9464 6117 2596 2785 2051 792 6984 733 5826 3022 8371 6930 4910 5375 9077 5006 7489 1523 3881 3835 5000 830 1825 5628 3353 5036 4860 3538 9592 2840 5163 3864 4901 3623 1492 1622 9396 5366 776 6241 2684 1682 8871 5225 9925 9589 6773 8284 3222 7522 870 6717 18 8243 5073 5775 7053 8525 4526 9716 2038 6128 8545 6545 8876 1136 3989 6070 6301 2739 1913 6474 956 9790 2879 4631 2884 9009 5645 7559 9689 7378 9343 9649 7385 3009 7336 2936 6083 6193 3511 4533 3148 7784 1810 7651 7282 5382 588 8734 5938 8866 4886 3049 7450 8305 4991 3697 2782 2406 2811 9217 8530 6022 607 2370 6961 2719 5454 1256 3142 1228 4854 911 5116 3178 9119 2230 7291 5669 6570 7220 3485 476 4158 58 2864 3355 6608 314 7410 3475 8029 3045 1924 1528 6076 216 839 1359 539 6062 2760 4352 5079 7895 4913 874 390 9577 9401 8802 758 6928 9933 5182 1393 5129 5722 2885 75 3446 1105 3206 7429 5256 9868 9656 4986 4905 3868 8962 4355 4184 5412 7421 6284 4616 4995 7046 4364 5245 5356 4326 9758 2655 8269 60 9841 4417 571 7455 6026 5774 6208 1513 2198 7073 3219 9086 8428 9208 6895 1508 9257 5317 8930 8188 3380 2516 8713 4181 4242 7332 3307 7168 296 8904 961 9838 4405 9909 299 131 1103 4700 9846 4412 7472 8993 1864 696 704 6515 7851 6687 2220 1497 8497 5263 3229 6175 1395 6764 4873 9820 5197 6779 2320 7915 1199 6881 3028 8634 7329 2028 5260 9132 1033 8273 146 5228 2754 3775 3845 4296 7670 8396 6651 8870 8740 7147 6491 7276 5790 747 1748 365 9216 798 5468 5512 8938 6364 6877 4579 6574 1944 8853 2700 8323 9313 987 5748 2416 5120 1064 2275 6407 7101 838 7094 7813 5457 7477 5573 1061 7250 9000 7080 1477 9917 3205 3991 5288 7263 585 4177 7603 9682 7182 2360 3961 2148 3645 5060 8995 7366 2255 1116 6189 5668 4320 6101 4491 3760 5823 7262 4530 9228 5174 4791 7252 930 4866 4570 1904 2517 5391 5387 1878 5113 1853 3618 4423 9097 9853 880 906 9473 5729 1282 5680 3201 5551 3496 3439 134 3960 3259 7695 177 3160 8139 2096 8952 9828 6165 1124 2399 3384 1293 8461 7170 8633 2461 5667 9043 2332 3414 7118 2766 4561 3336 9954 1072 8537 4829 5328 1337 4719 8670 6410 8033 2310 5899 4215 651 8839 3530 6776 892 116 859 5763 5982 2609 2957 2134 5138 7025 7318 11 9310 2634 4510 9080 6821 8605 4479 1092 5425 5361 2875 9149 9325 1490 6755 6238 1106 6096 248 3959 9220 3579 51 7123 5993 2282 6854 7812 9479 8045 6227 9056 5713 9802 9572 445 1966 806 6576 5575 288 2894 7743 2065 7298 8548 9501 8977 6988 7828 2014 4190 4735 6365 8446 748 6480 1398 1247 6791 8401 6268 590 969 7401 8572 6732 4325 4125 655 7104 3401 1382 6222 3659 9578 1520 7902 6325 115 4062 5343 5803 5929 6974 9650 6845 1854 6485 649 4005 5563 5165 2673 6051 5914 41 4914 4607 2941 926 2949 9574 8094 7267 6923 3345 4926 1741 8105 7842 7058 6295 2479 5381 5562 9987 1965 5890 8570 8552 4293 3241 389 8416 3361 4837 8315 1678 6215 950 5880 9248 5342 5868 204 9817 3535 320 8062 6538 3367 328 5691 3053 9162 8293 1994 6220 6639 7167 6956 9766 1769 6607 9123 6454 2105 2251 7844 4340 2170 2695 3658 6255 9338 3985 8617 512 174 7495 552 2257 316 6426 3919 5936 9915 9857 504 5804 4544 8299 4335 8091 636 7558 2450 2790 4462 3152 7175 1230 7377 8319 4316 9376 4970 1318 8681 6690 5434 7426 8982 3177 3323 2827 9515 1041 9769 3192 8390 442 3247 8138 2104 5663 7305 3834 1760 1163 1584 3334 5028 2480 1791 9454 4782 6355 9829 2912 1927 6939 8330 3841 7183 224 3293 4475 4799 4170 8707 4239 7165 7788 163 4731 4431 286 2919 6603 2075 2641 3672 4857 8098 6976 5724 5528 845 8724 9906 8000 7259 9535 6769 2565 3060 6940 9781 9569 7037 3014 1938 6221 6038 1291 8661 9912 4408 667 5490 3089 7017 6846 900 1306 9863 9041 807 6756 6015 4267 1149 1088 5372 4801 8641 2822 4092 6931 2627 2002 8712 4451 9727 9898 4950 5403 3193 9253 85 3819 6509 3451 342 5723 6873 1346 301 5258 3836 5799 488 6564 1830 8602 8493 7384 9557 2536 9621 2388 3918 7461 4831 1816 4385 7779 2430 3074 9882 1084 2003 362 9668 9108 6396 5643 797 8954 2881 8855 6985 2199 262 6105 26 3391 2777 4161 2800 4742 8103 486 8914 7573 2963 3934 6819 3115 3170 1024 8966 4130 7299 8506 7919 861 4605 3770 5048 972 44 7968 662 9172 8590 9796 6678 3329 8455 5605 8350 8082 7221 7723 8756 182 1128 8357 615 2341 1664 4898 3502 3250 1611 6323 5962 2522 5071 293 9107 2512 1369 7430 1632 8518 7245 8060 2066 3556 4109 2329 6532 40 9936 7308 6244 4566 2929 5600 8832 5553 7967 6540 6104 1428 9889 425 1419 6691 9808 970 6059 121 8656 9973 2818 9386 2015 363 635 2893 7307 7593 9262 5529 4847 5025 7354 4435 3083 3442 888 5661 3482 5323 3823 9361 7539 4478 9402 813 4968 574 3791 9399 2060 1831 8066 2413 8224 5367 714 4879 4250 7704 8055 353 6694 5125 2994 9830 8794 2186 6176 7754 9507 6003 6095 7829 6675 7770 9393 2922 9095 3515 6757 1008 2556 6297 8861 6334 2664 9746 2083 8228 3056 1004 2538 4867 9340 6363 4824 6827 5999 271 7816 7441 9960 3216 9990 1203 7826 9481 8561 6131 3848 4755 8196 5768 7273 1585 8104 2222 4596 6058 7664 9324 8013 3587 5037 6154 9179 4501 8010 6826 6068 2145 430 1340 9794 9984 7525 6980 8599 7936 1696 9495 1905 6524 6617 3097 7078 2454 8714 8616 3415 8650 3788 7625 2699 8287 7612 5321 2542 396 5568 2523 4373 4708 6054 4093 5655 8688 6035 1761 4477 5257 1006 8291 5262 8236 3547 650 7623 3870 485 4188 9797 513 8034 5074 9969 5295 8614 5654 9632 5246 3210 4234 7624 6113 7244 9457 3896 7934 763 5016 4966 2074 4008 5675 6181 1975 2309 9506 605 2288 962 7501 96 5385 637 9780 7768 4759 282 7164 3248 9590 6749 1370 4553 5519 3573 2424 6602 5975 9683 1609 8984 2581 9985 8002 2183 327 8686 4518 8793 7655 2295 3157 372 5601 3297 3238 3050 9466 1079 2483 8135 2327 4382 8576 2601 2580 144 1424 555 3749 45 20 1292 3312 3282 225 461 2983 9893 8500 6868 6592 4947 74 7521 3551 156 853 3838 6744 457 9670 348 4341 2525 4992 3249 3682 1266 4610 2487 9462 9263 1651 7911 519 940 3448 7127 2306 6909 4660 3860 9516 2020 3211 5275 8321 2925 1532 4004 8051 6483 4624 580 2830 5432 816 5499 5831 4474 6050 2507 1268 6452 6798 5919 2490 5291 730 980 4881 3008 9210 3285 1661 5736 4869 1454 7284 5399 8480 4938 9147 3062 8820 1950 4609 4882 7857 4569 6521 1363 8149 3023 9657 6999 2269 6517 2154 982 5716 4785 126 5004 6443 3755 5895 9375 7296 1410 5153 1606 6450 5222 3159 6130 3976 5173 8865 6513 5878 205 5958 9139 8212 3578 9924 3435 8780 7379 3831 1172 4442 6622 7881 5822 8065 9685 4240 7896 2570 4463 1468 7900 7977 4460 210 6346 863 3852 4989 2122 1657 7100 5717 2810 9427 8881 739 2674 9737 745 1049 8886 6693 4022 8018 2515 2654 4001 7320 935 7824 8856 3411 4332 6064 989 1047 6982 9921 9279 4002 2142 3308 2917 7121 4505 6212 9884 8758 250 9611 8848 3759 6656 7478 831 8528 8515 7772 5794 8551 9069 6860 1391 2937 6225 1447 6848 3032 9272 243 6613 5909 3621 466 4237 7323 6303 8563 7231 9015 4810 1488 4998 9226 6386 7171 762 6680 6424 8720 5871 4354 5640 3228 9739 2579 124 8806 9115 548 5092 3107 8996 4717 6836 9856 8651 2405 1129 4509 4421 4515 5075 9106 3793 9250 5309 5534 150 331 2650 5081 8706 1063 9422 2979 9619 8457 7097 1589 5161 4285 1688 7001 4662 3676 1134 3119 9723 7135 1595 2144 4119 9852 2987 9628 944 2747 7715 3421 1759 439 496 547 7069 3506 7688 7711 8277 5589 8501 973 4956 3983 1298 1309 6087 4051 4324 1048 6349 8015 3135 1473 7178 4813 5393 7897 9241 3019 2537 3412 4476 9561 8420 7154 2573 8364 1570 6767 9013 6725 8705 5008 4104 4402 3969 4840 4330 5832 3610 8124 3601 9017 4137 4845 7066 9051 5986 9532 9665 8607 6416 4229 9547 677 1408 2120 3349 9116 8644 5401 9661 4297 9931 1515 7926 6172 660 9042 4171 4333 3251 8332 256 9209 8808 9752 4176 1305 148 5954 7480 3215 3654 1321 840 6563 6124 9436 6283 6233 9367 3859 6962 176 1364 2948 6572 6328 4094 3941 727 6919 6065 1083 685 8264 1575 5738 2913 3480 2861 2842 3513 3875 8235 1066 3717 759 8536 5124 9989 2365 4264 836 3703 6573 9138 9306 1342 4301 5089 3072 498 8407 3270 7041 9129 7363 2119 9767 3289 3461 1226 2731 2380 6462 1504 7965 8355 8668 2493 6311 194 8406 567 6636 8208 6432 6369 7953 4606 5481 5176 8710 1204 1995 2613 3930 8974 2531 5240 9 678 6163 4300 3548 4713 4531 5639 2215 7547 2243 5149 7153 7257 7701 1529 5135 9526 9425 6518 4444 8312 3651 1739 8765 9207 6486 3856 1418 4498 2391 710 217 779 6336 752 7342 1687 6146 5994 8581 3128 6164 4493 2325 9469 8421 6997 2669 568 4502 8152 6341 8165 4396 1288 540 468 3963 8427 2751 1010 2463 6933 3127 6701 1326 9911 5835 9474 4985 5046 3946 2853 8071 3853 2301 2279 1697 3829 9052 3952 5707 1422 5030 9505 5793 2155 4 6900 9303 2757 4440 92 9447 5384 8542 6134 7869 6282 5501 7236 2589 7833 2023 165 3114 1604 4556 2746 6002 6224 8859 9046 8386 844 4067 7218 6494 311 6661 9483 8278 8687 1676 4290 3304 3400 17 1971 8613 7656 9195 6439 7372 3027 208 6402 4626 766 7116 8845 8374 8464 8170 3866 4907 5015 2285 6434 1706 3882 1884 1835 858 9383 903 4350 2541 4449 625 4046 9037 89 4407 2235 2056 7 2042 4179 2261 9137 3041 3814 5965 5255 4890 5866 8444 7129 4087 7130 2821 5218 757 3704 8969 3262 9566 1522 7994 7909 9190 7065 9437 5482 1612 2072 2651 8449 1630 3532 3956 5842 873 9631 889 9284 7560 1498 7510 6464 7582 3655 4122 2926 9351 7375 3554 800 4730 9354 1186 1118 1991 6120 8101 5200 902 4019 9564 2296 2347 4598 3531 1768 1987 2850 1502 7804 7652 6641 463 810 9409 7124 3455 1942 1813 1733 9740 9413 7988 5397 579 7223 6344 8770 3572 8544 7648 7169 3574 7360 86 4244 1724 3051 1891 7942 6461 4676 6549 2305 6139 3024 951 5151 4894 8624 3029 369 7738 6127 2586 2234 7031 8491 1717 9908 3954 9039 506 9825 6075 9254 656 4112 3635 8247 8141 5626 1861 4729 7581 2626 1312 3758 9779 1516 8203 2146 784 626 3570 8448 2807 69 9463 4292 9527 1850 3905 9117 5162 7110 6869 1126 5588 1586 5056 9943 4116 2160 475 8660 8797 4711 7987 6672 1538 3661 7801 8790 8242 6499 1807 934 6814 1777 7803 6558 9600 904 6069 8908 8798 4504 9344 7991 9635 4314 4758 9274 2661 1433 5080 3010 6813 464 9962 1610 4728 3625 9261 2378 837 8058 5057 2302 3311 6056 4378 6667 6362 9601 247 5966 448 7005 451 5142 6378 1700 8177 107 6019 3901 8050 4263 4348 1197 4636 6280 4399 6034 3405 2783 3360 5201 2159 3255 5634 215 1559 8117 4527 324 4246 2711 8657 2582 7971 9528 9312 2928 554 4614 8223 5997 7802 4128 527 2156 5875 2175 35 5368 7769 7548 9903 1045 5708 1109 5269 8047 3327 725 1264 6713 8991 2759 6263 1997 1546 9034 1085 1017 6655 6422 3507 9161 9467 3694 5377 3031 9701 3208 5698 4147 120 619 6391 9598 683 5231 737 5746 9397 4084 7966 8477 3636 3972 1720 1921 9301 3569 2082 7330 7564 9391 1434 3191 2237 2157 9110 5243 7287 7941 8195 556 1931 3861 5126 7675 7993 849 297 5294 3447 6158 1327 8526 5511 7740 7607 9370 5389 1895 7459 6986 3015 4733 8300 6711 1674 2671 338 6184 9805 9377 8024 9785 6580 9135 8279 3772 2342 1431 4076 8348 491 820 8822 233 1702 7865 1409 4685 5476 4270 7087 2124 3165 3689 2996 3888 8608 8655 1880 9256 4073 2031 3468 5800 3581 1213 4911 8313 2270 514 1117 7454 1587 537 5445 7224 9218 8397 3679 4696 8113 2352 1690 3494 5453 7535 7992 7702 149 1076 8440 3607 8906 3537 2645 2213 492 1277 9942 3410 8053 6192 6591 1417 7003 5404 9315 9089 2607 8842 8566 979 8121 1339 2077 110 8824 3257 562 6340 7044 5044 8254 4490 5145 9806 5348 8294 2576 2312 4303 8891 391 3354 6418 2323 7957 8540 2806 3274 4487 8025 2659 4409 5726 6156 4517 8727 1665 5478 5970 7128 1265 9622 5140 8362 1113 3774 8298 1111 5967 3440 1182 941 1394 4895 3487 2647 196 1738 6539 9714 1052 5969 499 7425 8369 978 2624 4271 8895 2030 6955 2907 73 9225 3134 2508 6419 1660 2287 8947 7357 1986 6724 7904 9445 62 2433 5502 1655 8048 628 1194 9548 8763 8784 6091 1563 8923 7707 7166 5602 2280 9478 7335 6198 7766 8841 8085 1734 558 195 6216 270 1453 6024 1210 4218 5455 8436 8593 5825 6872 9127 5700 9967 6388 245 8014 8241 1828 5265 3016 1196 1478 7667 4458 9932 5461 1680 2017 6615 1894 3035 9045 2544 9028 9101 234 7096 2036 4858 3534 6788 1193 9468 2532 3264 3378 2666 1658 322 23 1978 3398 575 4010 7916 6264 8144 8391 3794 4436 2951 531 5619 8728 1858 6965 5881 6092 7000 2400 2267 2386 3884 8181 9647 9124 3787 158 9759 6230 1205 1078 3272 8022 3945 2689 4201 5158 5864 9813 4874 4219 2872 3555 4400 4164 3690 7184 2439 1132 2303 618 14 7838 3356 6112 9040 3696 329 5353 4428 1300 3026 2039 4222 8345 8850 3824 913 1799 2995 1855 8715 2546 3637 9754 15 5334 7485 5154 4957 2443 9765 9488 2649 8678 8220 9465 7986 487 6488 9271 8844 5302 3392 8042 3169 3790 3649 8205 6763 7761 3921 8250 9336 3894 1159 1765 749 6739 6389 2049 8359 9406 9394 734 7819 9087 5788 3234 6883 738 7415 9651 8935 9789 6487 9763 8939 3543 8556 4621 6609 3563 6006 7516 5339 2696 663 3489 2906 2977 6 1026 2795 8146 2863 7689 5239 6144 7696 8382 8201 2436 1527 5712 5100 606 6021 7551 6726 5913 4199 1877 7020 432 7537 6818 2372 5489 551 2373 7831 6030 2728 9067 7949 768 7196 5922 1050 1569 1469 411 4506 1635 6746 3305 7230 2603 4578 8454 8926 3519 5991 3865 1789 7877 429 370 842 4927 9662 8968 6987 4343 1304 7887 4908 3204 6837 4793 3202 9522 1990 8425 6519 5148 4705 3286 1027 7364 5855 3158 1141 1399 6229 5311 7098 9899 4525 8303 746 6430 6140 9735 3013 7326 4856 3504 237 3677 4963 8799 7790 37 5195 3018 6028 3221 9197 8569 8289 7871 6333 5395 2402 1439 884 3592 882 12 2499 7361 7637 5063 2920 138 9341 2064 2704 8283 2635 829 9299 8890 9302 5692 509 3818 4564 9104 7956 1378 7418 1144 7266 6438 4459 1820 3181 5408 2644 8521 5578 8003 3633 7937 6171 2442 6121 1596 2200 4591 8133 4639 1101 7237 5484 9317 1996 7806 25 2110 5740 2149 4668 9105 5813 31 6945 5136 5072 9743 1319 3383 4632 9112 8669 7198 1200 3643 5941 5098 6321 3423 2594 3971 2229 6115 7163 9695 1465 465 2932 9266 350 6646 4489 1278 6449 8490 2794 1793 1742 8156 3730 7383 7854 1573 767 4387 5301 5674 9166 4380 8021 3483 1907 3967 199 9609 5659 1949 6752 7345 6695 1941 2239 119 9732 427 6100 7474 2204 1920 8920 7280 1722 6658 371 532 9711 7606 8281 7615 793 3765 5405 8646 4747 79 160 1080 7930 8595 9075 1963 3453 5090 7180 8001 6708 7601 5172 8662 592 8735 1314 2521 9748 4223 4694 2076 7458 3709 8366 1059 2817 2688 5236 9935 9518 1455 8084 5308 9708 1518 4169 7406 5137 1355 9587 220 9072 7322 5117 5636 2429 2179 9799 7856 3317 236 9345 8363 6682 8972 2008 9058 4308 4667 3626 5950 3347 8744 1716 8967 6527 4085 8896 7295 1633 4654 4430 1619 102 1929 7795 5346 9270 1267 6411 5953 1470 6715 715 6239 706 6447 9430 3748 9153 8960 7333 1553 9418 2029 2498 2962 5530 2027 7019 4113 9617 4864 230 1751 2444 9993 7281 9755 6643 5542 3463 8835 4294 8843 1171 9910 2540 6185 7527 3187 5705 897 3450 6696 8030 6109 3167 6170 1714 2935 7382 2587 4537 6361 9741 9720 7752 6000 8166 7912 8087 4823 4379 503 4452 8384 4673 1164 7950 5684 6706 6849 8216 6466 3666 6796 9223 9029 8375 4249 3933 1404 5237 2387 6589 9793 3962 8598 3876 3103 2924 6370 4334 6626 1137 2530 2902 6847 4688 3379 9512 9326 7249 9530 1868 246 9950 713 5945 9580 5407 1463 1097 49 6815 1985 103 7427 998 7899 2851 5947 4772 4287 4127 7870 1998 6876 136 9091 4304 1641 3599 8564 8959 3292 7063 455 1028 8987 9680 3754 1798 5011 9102 3393 7837 4780 9182 8955 4277 7503 8049 1445 9247 2193 6335 2178 8338 3105 9405 8217 9049 4427 5227 1281 1704 1886 8582 7775 8004 670 6010 7742 7893 1290 7662 422 7924 93 3087 3232 9244 8719 5216 8699 6299 5497 5067 4256 1486 6737 4795 8924 4990 939 2116 4982 5850 336 6191 1458 4259 8072 9337 2702 2961 9634 9167 3168 5109 5279 9983 9553 4704 4830 1158 9373 1046 3539 4519 2708 550 7133 6681 6793 8400 8175 4268 7939 9920 2377 278 2415 3116 6352 2801 8310 6598 7172 3944 4413 2910 5957 167 1940 4532 5488 2660 1786 2191 4054 1495 5734 5426 8379 4224 495 1989 9382 436 5251 8787 5213 3869 5942 4843 7969 2271 3339 7753 9926 6644 7210 9006 4663 4687 2035 5475 7084 5543 9575 8857 6863 9203 3590 2212 2382 9120 9359 9764 6086 5214 3729 8075 7571 3992 9443 6809 7845 1377 3246 4173 7542 9972 7544 2324 2336 3217 4628 524 2563 557 3657 6666 5615 5556 2856 2554 4015 1701 6020 3565 2997 1096 3624 2281 5518 8088 1926 966 5757 5054 3071 9269 4212 8623 8389 9815 2942 8965 4275 2252 469 2812 5968 5539 6150 9807 2046 7509 170 6463 5456 5960 3984 5862 5646 4132 1840 4783 2314 6332 9795 4194 598 3783 9432 2805 9016 5085 4206 4597 6833 3706 7669 8194 3939 1903 5333 9539 5293 4187 4163 403 9347 1845 1771 5928 63 2637 185 1350 4976 7431 7543 5221 5266 5477 6825 569 4884 5621 1737 731 9562 203 6390 5613 7841 8265 7827 8554 2672 6716 2022 5365 3943 6492 1576 8076 4740 1723 2632 5917 240 1412 8016 5160 1567 55 6510 7247 3851 1772 6605 2174 3104 2727 3275 4576 171 2828 5759 6638 3915 8676 5274 8186 1594 82 8534 1885 6604 4630 5821 4097 6289 778 2217 2361 1801 5207 29 6593 729 922 7470 9850 8288 1757 2965 9273 520 6802 2529 4099 7311 7397 4710 8694 3913 8373 6116 1131 7062 8296 2892 5164 8523 5771 9625 5580 6016 5096 4572 4338 5007 3092 2195 7960 7647 1020 2476 3212 9671 7820 6202 8230 4919 9456 9211 8589 1663 3200 412 8557 583 8189 7737 7447 50 975 9293 9111 732 9278 8402 2019 5865 8226 3762 5273 7557 2633 3471 9362 9949 7194 6448 872 7177 7026 5565 2826 6316 2401 9718 9458 3550 1347 2886 6781 3077 5595 3807 9998 8666 4133 8485 3151 7863 5576 382 5234 6496 5625 1962 5603 5430 4454 5483 8237 8963 2721 3575 6811 6676 2667 6531 6878 3917 8976 3820 5313 9459 1970 7739 6421 8118 7608 3627 1805 4818 8163 7933 6205 143 1238 3059 2153 1270 4496 2737 9191 6180 5829 3796 8736 3428 3004 9885 2832 1476 1908 7376 7976 7189 1413 398 5363 7762 6405 7256 2337 8711 1313 7386 2118 9081 3641 2904 4557 9154 6804 8852 8531 9953 9839 1954 2600 2344 2745 3644 7884 6262 3873 6569 8759 1403 6797 2139 8028 7765 5660 6789 9014 9355 6718 8347 6196 4074 3279 3434 8951 3271 4124 9717 6529 7979 3802 7940 9504 8234 1915 4315 59 1578 1650 4000 2903 7494 5320 6318 345 5130 862 1343 1114 5526 3466 6489 1189 5198 4080 242 1148 5292 1225 8059 1728 5665 5744 3955 8193 1201 8615 9070 1749 3111 7297 9472 9392 717 971 2670 3629 6251 3374 2606 7211 1034 2883 960 4357 5852 9827 9582 7004 7785 994 2918 1934 515 612 8846 9133 4568 2658 6799 6371 741 6061 7102 7657 7685 2248 474 1307 8352 2575 6867 2559 7938 7589 2503 4196 2588 9055 7348 5202 4834 6256 201 2677 4195 8481 8123 9366 132 5338 6926 6835 6738 393 2007 1275 8565 57 9012 4524 8438 4503 267 1429 1505 214 6692 8573 8218 1384 4082 5690 8413 2308 6157 9540 8035 1234 6182 3540 6453 6774 1709 4159 8054 8786 2054 6551 1220 3491 405 6596 9136 3594 4716 5923 6831 6505 9268 5614 145 292 7713 6147 8898 7321 6652 229 3061 7225 5753 1711 2691 8664 6417 5424 5410 2422 9730 8056 9174 7879 6913 5857 1491 2201 6037 3075 3523 6307 1764 664 4779 406 2194 1608 8504 4906 9810 2417 6879 7756 5224 4535 9897 6817 8781 5869 7424 1684 9919 6392 3230 5380 648 3079 3737 4707 8888 7086 4401 7052 249 9229 9096 2472 4470 8349 3885 7435 8037 6912 6903 9260 822 2420 7077 5344 4786 9264 5883 9276 6921 5171 9163 697 7093 8111 6971 5747 8889 7301 8435 9603 977 1823 78 9088 4897 5648 8892 3500 2485 2781 1974 1219 6935 7528 4562 5312 9744 4090 471 6502 4089 4013 8308 9952 3923 764 9608 9729 1123 1852 4538 4361 2612 3744 407 2260 9541 2610 3951 3602 2071 5860 3280 3850 5901 3937 7443 9612 9844 8442 3464 7903 4375 1147 4024 6653 3390 8811 9308 3720 608 6159 1517 2639 4944 4777 8810 7371 701 2849 8043 8109 5460 8983 3299 9234 4049 2307 6055 1054 4009 8772 8145 9726 2608 2322 6294 9144 1776 9859 8748 433 4483 6970 8630 6983 1133 312 4145 6627 8112 1834 9412 9082 6523 5376 4017 789 4160 2140 4150 218 885 6367 1964 6822 5049 6994 4028 7686 9891 3042 3632 2024 2247 7764 1685 3244 9423 8095 9823 8943 2161 9646 8377 3261 6231 5284 7567 6906 1472 6916 9414 8934 5217 9050 1640 525 1754 6578 4536 8956 6957 9886 6942 6214 2330 6093 5990 95 8885 8874 1154 8730 8663 2899 1667 3553 5190 8986 7215 1195 4318 6555 9849 1446 6337 4394 2533 4345 8106 8571 302 2628 2561 4254 6465 808 5750 1091 417 6393 1900 7358 1358 6067 8980 9251 1485 2276 5935 8154 673 7292 988 482 269 3769 7039 8628 566 8128 8385 4583 4924 2093 4921 9199 9738 6614 9387 431 4033 668 3949 3371 231 1003 7232 8517 4111 9204 2814 5 2197 1637 3978 1499 4233 5524 3136 4388 4327 616 7140 5699 4192 4091 8729 2185 9594 5858 9073 5166 1503 4126 4821 1202 6684 6601 7399 4978 6397 5431 1242 2469 1819 4775 996 9991 6257 8044 2964 657 4863 5992 3527 5797 544 1800 1699 7324 1848 7691 3588 9356 9768 1783 5196 4032 699 7984 7597 5739 6967 5472 4034 9064 6830 3763 3892 3076 9321 6253 7085 4922 3738 2955 3561 8040 4797 7532 573 9471 6377 8290 1430 1231 8925 7313 6689 511 8496 6751 3932 4063 5417 6924 8460 5019 5806 8233 2793 3739 2713 9243 3883 8621 795 2923 9329 5830 5564 7773 7643 352 1856 6359 9304 1887 9881 819 9687 183 7697 7068 4457 8157 5959 2773 161 5925 456 9365 2069 2407 1628 7747 916 3476 5592 9901 5978 447 2978 5208 2824 3118 1037 5863 3220 2986 500 9832 5802 9869 9002 4814 1591 2418 1624 2395 6828 8679 4323 4245 1536 7270 6904 6412 9801 3568 1774 4853 4643 351 6292 3516 7173 8507 3924 7733 8578 4306 241 7617 8893 9059 2871 2294 6374 7373 4511 7286 9242 5900 318 3284 3322 613 3203 9713 8215 9236 6649 5687 7160 993 791 5435 7552 3606 3656 1851 3431 3084 1605 2809 6166 2846 9024 6201 9966 6103 7193 2527 3719 9586 2714 9442 6897 239 8773 1450 8807 7810 9753 5419 3916 666 6356 6503 3786 7666 8125 2836 818 8067 4061 8452 7805 3166 8335 8498 7341 6266 6704 7570 4967 4052 8178 572 6977 6699 3172 5786 3857 1250 7907 3931 400 7314 1542 7452 7929 3577 202 5438 260 153 5029 9328 8081 7161 9390 9658 5812 6714 8356 9215 9378 9606 695 8210 1108 3098 5650 9971 1053 8755 5841 6794 3112 5905 1320 1506 5545 9493 4289 5574 2888 6123 258 5386 4776 367 2067 8486 3630 7727 7882 1643 2339 2943 9381 7201 6455 5268 6245 5187 8884 1787 5352 6624 7061 1618 7867 6865 4889 4861 7590 7591 9099 9693 5486 8115 4872 5097 3784 3990 1552 5951 1779 9836 129 1279 2815 3040 3948 7205 1461 2123 6200 804 1452 6808 3742 9524 3773 7347 2187 3052 8465 8495 5596 8909 1673 2482 3377 5400 7416 5032 3906 7235 8567 9194 5963 7279 4787 8214 708 2357 346 3260 6506 8063 948 4105 7796 7980 8410 5250 4072 1842 39 2982 6018 3419 4987 4026 9834 8721 7518 3386 8726 1694 8322 1981 1917 6232 2558 130 9186 5038 7947 6968 7315 2585 8473 4972 8023 4205 1533 7880 9648 6647 5014 9319 1890 388 2428 8553 4484 5168 6460 8479 3298 1044 2354 1888 6071 7302 3619 166 5697 9854 5664 8667 1119 5560 2164 2459 7048 6851 3021 354 1190 6194 8750 1747 3566 2111 9032 4068 3968 8424 8516 5322 5688 8259 3805 1636 2896 4862 4690 2874 8295 1475 4077 9476 2409 7587 2446 7203 4500 771 3576 462 6896 1841 2900 9020 3341 1653 5940 1038 2058 5561 671 284 1763 7599 9965 6320 3830 9078 2162 3254 8079 9570 1060 4110 8691 3073 4175 2394 3081 6740 6960 2300 7658 4260 252 7629 9599 5772 7351 4930 6782 9451 1916 151 6073 281 9419 9819 644 856 4666 7149 3256 4018 4935 9235 72 9239 5272 2126 1983 2680 6298 8625 298 3138 7159 8782 517 7520 7453 7446 4220 659 2214 1933 6697 705 4770 841 6522 1135 4066 319 1055 1251 4678 7457 9774 1402 108 2844 1597 5897 10 9602 4029 9981 6750 3288 4121 3335 6832 2210 2063 3470 7024 9605 2837 5996 3121 7412 3725 1909 1590 6920 9003 6720 5215 7750 8167 8520 9653 761 2353 8150 9222 8256 4633 6406 3524 4129 2292 2359 6807 3638 6784 1703 2859 7690 9704 8351 2184 2993 9709 9669 3413 8815 8162 2765 7583 4057 3940 6730 7136 2218 9348 7613 1389 9307 9142 2147 9300 8271 5840 4936 4712 5205 2 3743 5532 2366 1892 7222 2767 8818 6633 5086 1392 1691 2718 2944 3898 8795 4627 2905 7132 646 578 3929 1448 5495 5104 603 221 8584 4767 7763 2676 780 386 1540 4868 1719 2547 3473 8061 9831 6911 7506 5861 8120 6885 2000 5981 4157 5147 2272 333 9332 3011 9031 5513 709 1329 1745 3603 7534 2698 907 6530 8776 1435 1946 1914 6702 6490 1218 9616 8285 1224 1524 2882 1323 4961 8611 1366 7659 1009 3290 3663 6186 1839 1875 4545 6946 6052 5620 5076 688 5912 5876 5248 3832 4283 5711 9134 3227 9219 6533 5694 868 8547 6741 4047 942 8831 6560 5244 1087 6272 1338 6271 2643 9804 5253 3236 3373 2152 8761 1797 9267 8078 6671 7274 355 7353 6710 4434 2435 2452 7661 3634 3899 1781 4146 5702 77 5974 4523 4997 189 7507 8950 3640 4975 7204 3313 501 6415 2236 9597 581 186 9519 8942 2001 5585 9183 2583 4996 9374 5505 2460 3149 7998 952 5230 2333 5446 4595 1222 8187 6875 5296 7219 4418 1736 1952 827 8854 6908 6234 5485 3653 1755 7420 1466 9280 2980 4888 5536 3837 1294 3358 4674 9672 5156 2720 933 627 954 3745 1168 9565 9353 6161 1217 5819 8192 9563 9550 3800 7793 5062 8280 6351 5360 5436 921 9639 7190 5761 9371 516 3154 1815 1324 212 2860 724 1482 7422 2040 2376 2455 5278 7905 8239 1959 5795 8114 2084 6279 7460 7088 6451 6275 8399 1601 1042 1349 8292 2697 6754 3903 244 1432 7108 219 4209 1328 6040 3223 4152 141 6482 4182 8418 4934 5069 4253 7340 2115 6420 823 3902 8642 2384 2631 2566 1906 3403 5355 3001 7468 7529 6126 8297 3101 6884 4521 5930 4279 6252 2151 9975 2887 2638 7369 1955 4546 9895 8253 9093 8302 3871 2771 8282 2273 4486 5608 5718 2619 999 7476 6160 9388 9940 5192 1829 3443 3012 8922 1598 4243 614 4657 1510 7787 9121 9703 9581 703 2340 927 3545 3817 1018 384 7889 5371 9979 7010 8771 7692 3243 7734 8640 6122 477 8519 6943 3306 6162 1599 3799 4750 7157 3078 8829 2047 4811 3846 8718 8961 87 1958 6446 843 6898 5452 3771 3287 8838 2216 526 98 2059 4455 8483 4165 5383 3309 3529 2868 4039 8875 9870 7056 6493 4100 8219 2163 1847 9286 8252 8864 2350 3734 9255 4949 2268 3268 6085 2551 4328 3123 1062 2535 3094 9840 7064 1683 3267 528 4638 2351 4745 4637 2526 3724 5937 1029 5582 3821 4664 803 263 9265 5357 434 7484 4266 3670 7563 9772 7400 395 7928 180 2707 1849 2758 9712 3646 901 3889 4043 2044 2623 8522 2425 2421 2921 478 4724 4149 193 3671 5157 5773 3175 7847 1385 9296 4691 2686 3237 3950 1177 6759 9389 9922 238 1969 2505 8116 5541 3449 4672 5051 8830 8140 152 3977 7134 8275 9655 2703 1564 3740 9084 6842 226 7885 5235 4337 7850 2823 8632 7359 5507 4322 9404 8354 5084 5229 4883 7646 3320 7057 1866 1726 4693 493 6541 7676 2319 1043 2682 7021 6288 8453 8211 8907 3441 4973 5521 4053 3986 9027 9187 1712 9877 6436 7493 9424 8006 6478 8882 8823 1150 5583 6543 5898 2976 7974 3364 1762 7423 9022 1627 8070 5396 4552 2052 6088 4107 3521 1725 2379 1681 1184 8136 453 8089 9047 658 307 2520 8512 3501 9556 3997 1925 7437 9175 7892 3033 1629 8988 8777 5834 621 534 7687 6758 3348 5212 7471 5010 2539 5068 2584 9486 633 5398 3785 9934 3872 7630 5238 4123 7859 8833 1153 6850 2411 3493 4144 9660 2958 577 7846 2055 8869 8601 4585 3213 5329 9679 1918 1639 2736 1743 4593 2358 6110 3276 5754 9835 2068 3874 105 6642 826 4135 5241 7465 9667 7103 809 24 5345 8958 6043 4368 7519 1530 2775 6978 2509 9433 9896 3712 4746 9591 1818 1215 3375 1302 8708 332 5206 5751 5319 6427 2238 5467 8949 7390 7258 1782 6841 6864 7233 1812 5466 1822 976 5281 1146 2403 460 3143 3928 5555 8682 7487 8847 413 8266 5082 7531 1713 9809 7671 6495 7202 4720 6929 8840 5933 2662 1500 5658 1187 8097 446 415 4946 2960 3718 8704 2315 4376 4669 2665 1258 6996 1325 2752 2172 1948 257 5749 2062 142 848 5009 6843 9460 6011 6324 6435 9872 1192 1416 6553 5612 7952 1579 9792 6471 4494 8450 7238 4202 9595 1550 6537 5948 5961 7728 9957 3751 6685 5114 1509 1677 910 5548 8948 4602 7875 9449 5624 750 188 6894 2701 7678 6293 7799 2453 2099 38 1207 7578 4836 4216 5910 1058 8916 6790 6874 8459 898 7306 3315 6951 4346 7070 7555 5703 1032 5811 2224 6404 8899 1821 6762 7079 9664 2244 6467 2291 4070 454 4679 5762 9177 2494 1967 3433 9964 4162 3316 9826 1423 643 8703 6250 5671 7598 5409 8318 9060 6357 1176 8073 330 9122 3265 3294 3144 3900 3907 7138 154 9787 4513 1031 5704 9188 7033 8225 1373 6306 4238 2335 642 7791 6305 3781 3756 9240 8910 9061 9970 7634 2467 2114 7636 6081 4079 5784 7577 1035 1284 9292 9788 7362 7408 4822 4311 7533 3938 4541 9974 8897 1519 6379 7674 4870 4752 4257 1082 7456 9298 6979 123 8828 9350 2640 2848 7789 3584 8901 8994 5471 9415 8700 8408 1122 8774 5189 2709 3 6475 3789 8102 83 3108 5184 533 6149 8975 1354 8737 7888 6634 4302 8645 7191 4447 7448 9026 2833 2113 6925 8738 2930 1068 7780 1095 1332 364 6302 4331 6581 7155 5972 3430 4038 5779 4251 2414 8489 1731 4573 6747 7490 6528 7596 2089 1443 6880 2514 8008 4603 8827 3675 9637 9305 5233 9988 428 65 9892 2716 1727 2136 1487 7684 3525 7561 6525 9573 1692 3067 8741 9812 9914 1112 700 5327 8199 6566 1809 383 2176 5448 2263 8451 2518 3810 253 4381 7391 821 2211 3100 691 7216 2448 7290 4522 9614 2992 2945 2841 5586 1980 349 7439 5055 1614 4878 404 772 7572 9221 7626 1922 1379 3557 4438 4736 4622 3120 7580 3741 4877 5297 5767 1356 8764 6188 5918 4071 8609 7618 1030 9905 2286 122 7261 5770 9894 3195 7540 1644 4940 9509 9638 2972 4706 2891 6276 6459 2086 80 1174 4230 2043 6408 2326 1794 1244 3761 2789 5185 7962 1695 6240 2488 6635 2834 3066 9995 1923 5496 9323 1679 8550 5350 9681 2729 2553 4288 313 2953 2192 7641 7746 1173 7469 3488 6992 6329 1257 9491 9593 1988 1780 7432 4120 9782 3043 5765 2656 8204 9994 197 9202 995 4939 919 5984 7951 1243 8588 1613 5181 6535 1616 9945 8469 4839 9956 7195 5444 4261 7524 2396 834 1827 2591 1973 1872 1566 7289 4012 6277 5977 4235 8110 4108 1562 4715 854 1138 113 5122 1185 8985 1229 2328 2180 9982 3186 254 9232 2277 3746 1936 4232 6384 3958 9360 8372 289 3150 1710 5547 7293 2090 879 5428 4741 7091 337 9555 9710 8919 5523 623 5783 4902 5591 639 135 3736 875 6138 5924 1859 5494 8821 6886 1686 5641 2715 139 3418 8137 2595 1397 7030 8927 3153 2927 2865 8946 3342 3395 3795 4140 6786 7925 2604 7083 3457 9855 4156 1121 890 9673 5926 2733 1246 6536 8376 32 3245 6554 6290 3897 2202 2167 7188 317 3974 4520 8019 5078 3806 4403 6964 1863 3596 9258 8207 1873 8637 2182 8324 4756 2778 7722 1652 9871 7588 3614 227 9477 8665 3408 9126 4547 2316 8009 1785 8184 5479 1142 8502 6187 8482 1718 4891 5290 8731 1479 2061 565 8610 1145 1947 624 1345 8232 9237 3318 5271 5040 584 295 8973 2895 4117 6304 894 3426 6029 164 2419 2984 9497 9157 7475 4804 1110 4041 1876 1015 285 3804 9618 5611 8320 1005 472 7241 7515 5927 1089 4619 1239 5331 2362 3184 2404 1372 796 8913 426 9461 1767 684 3975 4255 9818 5983 5631 1744 5474 2761 3953 4197 6562 6242 6534 5220 1169 1581 8900 5110 5818 3125 6133 7054 1198 9652 3459 7852 4640 9874 8311 9571 7632 5440 7504 235 6236 6308 5094 9227 4359 711 5709 8462 3310 7092 8836 4096 1675 6313 8695 1100 9918 6768 9128 5552 7605 6044 5920 4103 190 4698 4714 3981 5859 2622 686 8849 9537 9724 2683 563 1672 9416 4446 6765 9848 5115 6520 421 8533 1368 4389 2432 6258 3904 1577 582 9282 3025 6084 276 2392 3509 8747 6260 6824 5287 1272 5013 3844 4683 9529 5557 6090 4042 6618 7392 6437 3927 53 67 4984 7264 9816 3003 5549 8753 6734 6179 2102 6057 7565 2694 8600 4469 5394 4464 9930 4280 494 5540 5742 3723 9663 7725 538 5108 9751 4065 6481 6947 2652 1227 6413 6385 7954 4697 9736 3239 5537 9916 891 7090 4543 1689 7442 259 2657 4011 1603 4865 6991 7139 1459 4743 6354 1770 1396 2141 7709 4574 8341 719 756 3303 1984 3549 681 5470 5594 5755 593 8143 2820 1977 5766 3840 7932 347 6274 5423 8524 909 2431 689 4589 1099 958 8586 4471 4044 5414 7672 3980 2363 4390 380 4817 1535 3721 7783 7839 9023 8809 2125 4979 4534 8180 4365 7627 4305 632 7389 5143 1427 7874 5579 9113 3843 8858 6394 303 3605 2748 3058 8206 629 8725 9719 6285 932 949 4191 2590 255 1098 4766 3240 5780 9408 5031 1483 4954 4885 5944 1647 7757 8631 6470 1259 1001 4404 4083 8365 291 8622 5737 473 3326 7767 1444 4204 8441 1982 6472 2033 1365 7197 720 4695 7112 6698 133 1333 2796 6219 1073 1334 6660 2725 9165 7891 5752 7117 7717 2620 3366 361 1912 7883 4661 9030 4892 9579 2189 6938 1255 9200 5792 3182 8108 6296 967 6017 3546 8122 2135 7491 7120 2679 8928 4653 4887 1166 7434 4367 9824 4040 2572 8769 140 8675 1274 2706 6700 2617 5908 2264 8080 4960 4274 4213 440 8326 2390 7639 3731 3155 6686 9327 7294 5305 1496 2456 9363 2098 751 7585 4577 9146 4692 1474 232 1253 7251 4030 2311 1826 8431 4356 6039 7502 2803 5896 535 402 794 6990 1467 6118 2678 8743 828 7778 178 773 2299 5121 4644 4812 6348 5349 1795 3499 290 8358 9065 3695 1617 2954 1543 3273 9490 5193 3047 1746 7374 6190 9692 4383 1362 4841 8905 4948 4528 5364 8887 2112 4168 3839 3878 8107 1531 7185 1351 9626 3295 6009 2653 6855 1735 6683 8814 4565 3481 5833 7242 9596 3662 6915 7848 8415 8487 191 6445 4880 9411 1860 9610 9756 5441 7268 5649 2768 8336 1557 5732 6588 3517 8812 6597 8417 9288 6267 3973 5679 7074 7700 7449 4798 1415 3188 5533 387 6360 1007 9536 5141 955 3685 9640 4286 9114 1252 3350 4709 6625 1471 2543 631 5459 5949 2321 9691 8989 8395 3970 4964 8414 4023 937 8626 997 6053 2908 1662 893 3702 4806 5508 541 3469 8131 9431 1588 9777 4131 3346 5756 2975 6114 6966 7346 9862 3586 7997 1666 4048 3093 5332 9201 3812 1721 5805 3710 4055 9876 1308 4207 8342 3544 1353 3497 9246 857 2486 5177 5178 5979 2462 7398 7970 6590 9742 3994 5118 7705 9010 7631 6508 5083 1348 3691 9291 6861 4929 3508 4738 6871 8463 1893 6556 5465 9178 3964 274 8119 207 7963 2437 9008 8868 357 2131 2956 864 9130 7917 5267 4601 521 2898 5538 924 3639 3966 459 7703 8467 7989 2297 6177 2862 5616 9482 3122 2041 2690 2190 6269 4925 1554 3993 3458 5307 3925 7972 125 2621 8344 3979 8672 7786 4689 7602 698 5988 5782 8132 8970 7927 3674 7463 9224 8612 905 5853 4429 4448 8171 6167 175 1056 6669 6444 2877 3140 5242 5828 7755 4141 3598 923 5388 1889 4419 4095 1511 6664 5411 9944 6476 4718 5743 604 4180 7482 5666 8353 4893 2726 8380 5955 2464 111 881 929 702 6941 27 3580 6777 8677 5359 4581 9428 3957 5103 7367 5061 2158 8510 4078 1705 8579 6542 2423 2398 3399 7545 785 5730 7404 8202 2741 835 5931 5413 5522 2227 5285 5443 4900 9883 3396 4247 9678 3454 2825 7774 9517 675 1896 1000 7206 3291 8422 3233 8248 272 2787 2513 5577 3296 4794 9196 4608 9627 8430 7732 740 5789 9230 855 7488 3445 694 3263 2835 9531 5952 6917 5572 1645 97 6516 7719 2756 4723 1388 2831 723 609 851 2130 9783 1442 3716 3825 2451 155 5087 2750 4360 8684 693 9184 1715 7226 3591 7575 5052 376 3684 2798 9372 4680 2489 6036 1441 2710 8594 9928 467 2813 4310 6330 4339 9148 9559 9364 7483 6859 3965 6423 8439 3137 8813 7131 2262 8423 3707 5915 545 8529 2318 8068 6249 1638 4342 4236 617 7285 8429 5745 8709 6507 4781 8255 8475 7444 268 4658 1968 5492 8419 974 7111 7568 6107 1928 4291 6775 112 4411 8749 1211 1481 3269 9976 3196 4871 1040 9038 546 7403 2367 3559 1493 4773 847 4757 4659 3456 2021 8038 8274 1451 9435 9141 4488 783 5893 1642 4539 8197 8911 7473 4920 9076 7586 3020 9352 9395 7011 5644 7229 3147 2770 9145 8158 5715 9156 3722 7714 3692 2254 3109 788 661 3131 2374 4307 9978 7943 8683 2668 114 3337 1263 2143 4295 4529 9421 8527 8652 5252 8257 8997 2013 3130 8627 9873 3809 6736 8474 3687 7145 8182 8789 1649 3683 3281 9684 4959 8064 5627 9193 5980 3180 5316 1935 9036 6345 6368 4805 3179 4917 4398 5315 4567 8161 1127 2675 9410 4560 3141 7511 8272 2564 2915 990 7693 3667 2549 7821 9798 3778 5340 3474 8643 2477 16 7758 1671 5326 4655 1387 6936 9143 7699 8198 1574 3808 6958 4827 4765 6743 5672 2946 4971 4645 2605 2208 6567 8915 8179 2481 1021 2293 4461 4620 2166 5725 6108 7105 8334 2005 536 6858 5884 6387 1139 3681 6673 1865 3427 2274 8168 8466 2567 7207 7012 6082 1390 915 6882 3827 9677 334 8702 2940 3498 1175 9867 4761 4923 5810 3616 9958 3642 8148 3088 9094 2103 8185 2095 1383 7835 3252 8880 4792 3321 6247 3000 5836 343 1235 2897 9011 356 6806 6722 9181 1449 5249 7150 3124 7843 4592 4329 9538 7060 4392 1972 5567 6619 4732 8917 5299 4670 6484 8580 1065 8458 5809 9320 7836 7822 6792 5463 6199 7214 1296 1837 2018 5378 5587 6032 5077 3198 2839 5882 6952 6331 4774 4225 6840 2219 755 8941 6585 9275 742 2692 6611 1732 5473 7152 3302 4198 4563 6735 6183 2769 8404 722 9500 7228 7710 1094 2101 9085 3631 2557 7918 3612 2434 5280 9533 5101 1698 1188 8393 452 4351 2545 9118 3558 1322 3357 5609 5442 6228 3070 3782 3005 3402 2534 9576 9502 1547 9860 2616 3522 3514 9644 64 7006 4006 3879 1766 9847 9164 2128 6862 9784 6583 561 408 690 6278 2349 1070 5535 4016 6559 6761 3301 2973 4629 9287 2345 7614 3562 7498 2776 8816 8658 7035 1901 9277 4166 5429 2816 1544 7698 1899 3359 2792 339 1957 1232 2331 2209 6803 3161 6514 300 7269 7538 9514 4433 5515 7277 1254 8472 7576 4172 7640 5798 4443 992 3526 9842 8127 5824 630 5416 9198 7653 3164 8697 5851 4916 4590 5464 6949 3998 3533 4516 5415 6468 7042 2852 6442 5283 1316 5282 7407 5462 9192 5204 261 4754 8979 30 9699 2034 4366 106 7760 1271 4784 9311 7462 9523 9645 8648 3585 4453 4211 6428 5571 4958 1512 4941 9131 7975 8752 9734 6041 9641 6887 3490 5427 5480 676 4384 4069 9890 9585 2121 7745 2010 1857 7748 206 2048 3194 8692 8478 7922 5379 56 6575 1804 273 5814 7649 7212 6353 8680 3416 1740 306 7530 4909 8618 508 4800 4410 9083 9180 2845 2829 4739 4363 9169 2577 5437 7496 1140 2819 9400 8508 9205 5325 5107 6153 4832 6745 8036 3080 2440 5760 2009 9620 9992 9629 5133 5889 5341 2869 1756 5886 4558 8494 7022 5337 2177 6679 6373 3479 2571 2427 4036 414 7239 1456 7186 7388 9100 6382 8723 5995 5169 505 8316 7380 2738 4555 1178 8432 2743 5531 287 3368 4903 3608 4586 5001 9875 6907 6326 6433 1436 3858 2346 7574 7517 3982 401 5392 1583 5682 4974 3472 6111 8739 5796 6106 8412 9698 7866 8693 5638 9588 5102 8978 3253 4604 7200 4551 3750 7417 128 7995 6501 5676 9480 899 9290 109 6586 9961 9503 6703 9929 4999 6648 6498 7981 2734 3394 5119 7002 4613 9865 8674 4769 3218 4102 458 9851 7898 4231 7682 4615 8635 2492 2078 7600 309 5843 1093 2032 7283 7209 5647 2026 308 5939 2169 8647 8270 4508 1019 7554 8826 6914 7405 3126 4988 6838 1607 7352 8468 8267 6594 4050 5498 7873 6973 7142 9331 8026 6273 991 9762 4138 4406 5695 99 1180 8209 6077 1843 2724 9686 2615 4611 7141 2137 3376 2249 8240 9330 5439 1932 8142 7923 8387 3362 1212 8867 6577 8785 4943 7832 1953 9770 6820 4702 3046 6209 3726 3699 6937 5964 9937 6458 6742 6425 2016 4101 9444 9420 3314 4647 7344 9554 5050 7331 1357 2722 416 5845 4377 2011 7047 3673 5610 2250 8471 9384 3779 9938 7445 1778 9996 1752 366 489 7467 2094 5045 1750 4031 522 5642 1870 833 9245 728 1 1656 5681 7985 8509 1336 3278 1582 5820 5451 5973 6358 5223 8964 3102 9249 2974 7275 2369 5043 8447 2188 3867 1125 5514 4778 7595 3486 8575 283 2780 8307 7043 3733 8503 6552 9309 6132 7864 266 7901 3174 8514 3189 1796 3091 1013 5018 7512 8261 9543 9487 1943 6203 4725 5042 6098 8933 5112 5139 8263 7635 1631 2749 3652 5838 9837 6322 825 1992 852 5026 4737 7028 2106 1067 8877 84 6178 209 1902 8238 4803 1352 7523 645 305 5906 2475 6812 4722 8200 9959 7433 6375 6568 4424 692 9866 7076 470 5652 1330 7730 9441 1090 5012 2343 6237 9398 3460 3910 4751 8767 2742 3002 3344 2057 4993 5406 8918 5527 6477 88 4848 368 9941 8604 5186 9475 1560 8191 5487 1457 6546 1993 43 6027 8392 6312 3477 2283 6753 275 4134 6645 5696 4749 964 5597 4790 6766 602 4185 4762 2744 6771 8587 1836 2999 1976 5932
