5
4 3 5 2 1
10
9 2 1 6 7 5 3 4 8 10
50
26 50 46 33 18 48 8 5 13 22 11 6 27 14 44 30 36 19 10 25 34 40 41 31 9 42 28 16 21 47 43 38 37 20 23 3 7 29 17 1 49 32 45 35 4 2 15 39 24 12
100
43 34 74 90 69 61 53 86 30 7 78 80 83 87 10 70 88 20 4 22 84 9 26 45 40 95 52 59 97 41 23 13 71 32 39 58 85 16 12 6 94 75 60 18 55 99 79 27 82 21 38 17 54 100 2 8 15 56 81 76 67 57 24 92 62 44 63 73 28 36 14 37 5 66 25 33 96 47 89 42 48 35 77 19 50 49 64 93 3 68 65 11 31 46 72 29 91 51 98 1
500
391 319 306 105 128 332 229 457 203 83 305 47 202 324 468 328 261 18 112 352 467 339 208 471 292 285 215 388 448 175 312 154 399 482 267 277 110 165 78 461 123 376 31 73 364 21 343 59 228 383 199 136 405 22 346 458 489 38 237 114 236 140 355 321 61 358 65 492 473 353 338 418 158 108 239 120 275 409 84 86 396 12 302 404 406 286 443 121 102 100 50 88 241 424 163 26 381 29 316 176 124 149 141 147 109 137 129 294 303 442 246 90 55 268 244 7 82 429 475 308 178 1 223 330 43 45 363 58 222 472 351 19 476 41 161 218 373 402 413 362 162 210 453 491 51 477 430 334 419 138 180 186 439 369 278 151 81 133 483 242 500 293 153 434 345 301 85 349 143 166 337 276 132 480 450 290 146 172 385 297 56 314 16 315 11 95 127 444 258 77 106 284 348 313 344 35 423 374 40 433 14 214 130 420 253 318 282 281 63 52 170 390 2 304 119 455 184 310 189 157 33 139 142 317 370 309 144 252 274 386 171 393 474 181 347 452 8 437 54 295 150 379 446 466 79 80 219 300 32 331 432 134 333 367 412 255 320 451 375 273 238 484 493 487 207 462 17 415 248 421 201 459 195 231 68 115 224 287 103 44 325 251 323 113 264 101 326 125 135 478 263 272 36 34 289 5 435 230 335 327 425 422 380 221 116 410 240 98 24 340 204 469 173 387 182 216 75 212 440 197 217 296 426 72 87 336 389 392 291 357 311 395 266 479 99 360 111 126 179 205 280 227 4 160 206 449 185 193 271 260 226 307 220 279 495 159 394 366 329 465 192 194 322 490 249 225 53 299 428 6 414 283 211 397 488 350 499 371 37 365 118 270 447 27 20 436 94 164 269 3 168 265 60 401 243 145 200 407 57 354 39 9 96 89 245 183 431 196 417 384 342 288 361 177 213 42 498 92 257 259 209 454 403 71 117 485 93 456 496 104 155 250 10 378 122 74 411 262 46 64 107 416 148 427 372 23 497 463 70 377 66 235 188 48 156 398 254 438 486 494 174 256 441 30 15 49 62 341 13 190 470 167 232 28 445 131 408 198 76 25 382 233 481 234 464 359 97 356 169 187 191 152 91 368 247 69 460 400 298 67
1000
818 860 458 302 629 393 86 391 519 344 530 486 154 141 748 440 313 297 410 626 779 398 337 475 264 722 500 621 135 547 95 32 624 317 334 436 157 643 213 373 893 496 727 865 990 588 834 548 214 528 356 612 35 448 921 788 17 3 252 704 44 412 888 388 794 602 370 581 855 878 562 9 689 646 596 405 912 124 799 502 354 659 652 883 445 627 620 545 209 478 199 593 692 378 158 981 719 932 455 594 849 682 133 174 29 417 56 365 747 461 416 783 815 664 493 910 609 762 175 684 911 637 937 764 53 651 295 443 43 619 884 672 873 160 957 218 786 959 802 422 591 605 683 315 78 628 339 159 479 467 590 938 714 686 235 844 980 690 971 8 61 441 954 490 582 433 456 244 33 113 362 112 710 701 256 711 240 982 805 900 279 358 211 69 736 685 290 740 903 387 85 473 917 914 967 293 120 607 985 961 298 121 220 64 506 408 30 885 916 372 409 385 572 25 920 476 780 382 435 73 383 34 904 907 130 188 454 89 164 481 823 182 962 958 618 518 472 229 851 185 765 929 923 424 489 314 123 687 952 520 71 516 96 809 330 261 392 848 109 830 54 181 117 974 859 91 320 269 669 285 951 896 940 45 949 10 614 55 13 463 913 654 987 487 418 671 738 16 511 324 745 369 592 323 944 868 653 189 173 717 275 750 867 824 50 613 773 494 965 14 532 224 299 501 166 880 997 539 348 708 318 842 480 49 326 821 505 857 537 144 939 266 258 203 177 935 169 404 838 465 268 801 427 715 77 642 353 941 167 495 645 363 88 168 767 675 360 216 718 846 785 129 194 87 23 107 535 732 600 919 462 517 219 497 574 999 550 251 272 11 955 504 996 232 771 927 668 877 36 327 647 83 162 178 296 114 191 286 163 242 871 650 301 681 122 384 633 76 968 725 419 446 527 196 438 812 90 357 565 106 255 59 660 280 825 744 283 680 777 870 105 5 84 770 876 641 333 499 40 979 889 887 972 797 906 156 976 936 897 434 80 557 829 523 108 699 145 142 399 4 836 943 254 257 840 101 636 310 92 127 977 180 134 733 546 578 132 206 804 973 274 757 800 576 513 872 477 854 48 983 153 595 148 676 549 425 207 381 411 195 449 321 553 179 62 563 215 161 221 816 796 197 556 367 726 303 866 18 709 555 431 918 305 901 150 558 791 925 336 63 102 307 908 807 811 450 895 151 103 716 15 705 698 119 992 827 82 464 964 260 606 712 147 993 853 989 444 453 265 374 534 649 589 615 471 278 42 249 585 837 202 946 945 430 12 400 667 19 483 571 394 491 342 948 828 466 915 730 406 841 822 97 538 125 371 792 200 603 350 926 469 656 93 953 510 611 263 341 347 984 766 898 670 630 522 136 933 267 541 835 734 560 245 67 891 99 47 304 468 881 170 201 662 457 768 847 573 58 503 38 271 273 655 104 845 566 966 673 737 922 335 186 774 192 703 1000 819 790 184 68 608 894 212 28 758 813 861 886 116 277 322 564 432 172 706 942 246 329 237 696 386 507 969 542 674 340 377 51 635 928 420 241 707 832 143 998 931 778 963 638 679 352 691 484 598 543 644 492 902 270 447 139 402 140 570 100 882 429 700 292 693 37 540 665 234 759 702 795 205 739 843 474 239 428 7 351 956 625 309 319 567 986 947 749 658 806 509 217 663 863 862 512 155 760 817 657 291 839 531 60 183 761 414 772 349 359 623 930 554 752 575 227 439 552 403 746 731 756 583 601 890 328 988 879 569 525 346 544 488 24 724 72 332 723 864 118 789 70 782 975 787 253 808 460 485 648 366 22 57 66 187 631 459 308 452 498 751 165 379 694 622 561 421 858 697 994 924 282 325 262 604 892 729 991 640 451 580 688 226 579 204 27 754 223 368 396 577 331 401 248 128 741 284 94 287 300 856 250 584 345 376 482 632 899 289 198 753 208 81 65 508 970 763 995 524 960 131 231 111 616 536 735 610 52 775 559 137 781 75 634 814 225 769 529 238 423 338 247 41 677 798 695 514 810 397 793 526 281 568 311 597 236 74 98 721 934 190 826 31 230 803 833 831 437 515 905 743 551 395 586 442 259 46 661 426 678 138 146 2 343 380 149 869 228 243 909 361 115 720 276 521 306 222 171 39 6 316 755 599 852 850 820 364 978 666 233 776 875 874 950 79 26 288 639 587 193 355 742 210 390 470 375 294 728 152 20 784 176 407 389 110 533 1 713 312 21 617 413 415 126
5000
1020 626 1715 2644 2986 4116 1347 237 3030 1671 1013 4215 2615 171 1274 2926 1594 4444 3900 3567 943 2294 2816 4389 2907 3320 2573 4551 2409 766 1732 46 221 737 1646 3416 3939 4856 4 1719 4441 29 4447 1250 2436 2075 3017 1351 3439 3943 2275 3706 3852 1720 2861 685 386 3588 3937 3860 3879 2584 1785 1469 3524 1675 411 361 643 169 4187 672 152 3766 3391 4557 1088 1280 4712 1944 4466 710 4660 4242 950 94 2408 1953 4805 4525 1061 205 3527 1654 1805 2821 1621 357 4216 2834 1278 2643 3460 1952 4552 1111 4934 3011 1795 183 4254 3952 2203 1091 1269 4188 3794 3772 1457 1549 1771 1213 2353 417 3800 4089 477 3555 436 1571 3051 3480 1579 409 3500 4812 2781 481 3628 3997 2571 2396 2431 2694 4146 2163 228 3488 1357 3187 78 4782 4101 4774 1041 3464 290 4221 4615 812 4541 1856 1016 4963 1772 1464 4019 1776 4960 96 2971 4191 3720 4902 4076 1439 3976 4984 1897 2866 2369 963 4473 3562 4925 40 1622 4853 4982 134 4324 389 31 1022 2267 1292 3991 4291 1495 1979 1567 3511 1261 1960 2401 3217 3350 1092 395 3642 1851 1974 1272 3810 272 3498 3023 2993 3013 4071 4496 4259 1302 1985 3537 3433 2064 2142 1793 2035 1011 832 2916 4788 2974 192 443 3129 4700 3926 1506 4778 1665 1037 896 4171 380 67 410 2011 1416 2633 4702 3094 4311 117 147 3329 383 3277 1642 1604 4273 1886 1039 3739 981 3108 660 188 470 3627 427 1363 2033 3412 4780 2756 2650 4883 4988 4404 204 4845 3072 3682 4303 1680 859 2394 2794 1903 2176 3602 1603 4486 1209 2260 3765 3104 4943 2789 1758 486 2416 4062 2704 1629 4807 3494 2616 340 505 3982 2985 4922 3406 2351 723 844 362 3055 2497 3413 3084 3841 504 3138 3150 502 3822 485 3517 2917 1459 2402 4947 3747 1004 1194 3015 81 3241 2382 111 1762 493 1692 4459 3265 2373 3605 498 1503 4964 3043 2802 2820 1852 2842 3371 4661 1587 3166 1858 3825 1501 581 4172 1500 2490 2721 1978 4806 4813 1315 1666 3551 2702 229 3821 1136 1031 1745 552 3127 2185 2502 472 4355 1008 344 1789 1522 750 3426 1030 3134 2592 695 598 1658 2145 4493 207 4848 1094 1070 3197 503 3459 4962 286 4728 326 576 319 2249 3037 3144 223 1314 909 2414 1227 4503 3284 4038 683 4070 116 2097 161 3301 2268 1774 34 4692 3360 3972 665 4722 2831 843 4387 4969 4941 1866 4733 1887 3402 3888 1826 4179 1109 4626 1149 3131 1248 4057 2840 4157 2899 3053 3386 2398 4598 1497 4151 2155 4415 4223 4457 1264 1075 4746 4122 1436 3019 1686 3006 2847 3398 3608 849 2223 103 4506 1252 3654 2338 1420 702 1644 1865 497 3546 1924 2079 3303 542 3502 1996 898 3373 1344 3058 677 3438 1295 2563 294 518 2031 958 994 3220 32 2946 1798 1026 3296 4494 4475 1824 561 4933 3874 1727 3893 3834 568 1625 2209 4463 3814 144 1498 1277 854 1560 2680 802 88 1564 1570 66 1409 1759 1044 4521 3375 430 2161 4207 4340 3875 2118 4998 2093 2309 4749 1221 3501 324 3000 1900 4010 4246 2951 1627 2144 3258 3829 1888 3570 1969 1202 1019 2269 2932 1875 1542 1555 4575 2030 4445 3917 2362 2892 316 3880 4288 1489 1616 419 197 75 3619 1337 3049 4699 3095 1690 4271 3643 2167 1447 3987 1532 800 444 645 514 3853 33 1348 332 4704 2246 4880 3798 4258 3804 4970 1225 1067 2738 2818 3219 3247 2928 351 3295 822 2558 1430 3012 778 4276 1390 2412 696 2864 815 4881 2460 3666 914 1857 4603 2114 435 2546 1705 3318 3813 4876 4686 2557 2560 649 2588 4026 4874 3124 3414 4710 4000 4667 4232 2693 3179 4158 4003 540 4999 4696 4338 3592 330 2084 1905 1426 4648 3921 537 2463 3408 1669 1958 476 1956 1512 2492 4759 2559 3276 2569 2915 1617 1349 22 4913 2583 181 560 2236 3113 275 1825 3349 80 1288 2877 997 4014 4139 4973 2041 1863 1724 3670 2349 3237 1308 374 968 2859 4268 4091 3989 3212 1701 1485 2913 3407 236 3790 4760 1689 2166 880 3394 296 566 1778 1169 2119 4373 4623 2266 4754 3246 2347 734 3052 4826 3098 120 1832 3961 2600 3410 4593 1400 3846 2411 627 2582 3607 4830 1529 4320 3920 2063 2479 1706 3785 2901 2403 1854 682 4929 2645 3417 4020 2358 4414 2417 1803 3067 2646 73 2089 2128 4053 2202 838 2765 2550 2983 949 2109 225 692 1275 3198 3751 853 4815 974 3907 796 178 2798 1526 3947 341 191 3895 4222 184 2445 2016 2108 2647 2601 4681 783 2609 3541 1558 3267 4120 716 509 2579 180 1424 1321 4827 4090 4353 508 2952 3471 2274 2627 4512 632 642 2495 4515 1682 4713 2845 1058 1241 2325 2791 2280 2929 4504 378 1249 14 3106 1448 1511 3281 2575 901 605 1367 4919 167 3631 4265 3832 2261 210 4917 423 3454 2405 1943 2759 895 1127 1388 2295 1543 3419 1071 4674 1045 2523 3784 3086 794 3817 989 1802 733 114 3100 1845 835 4144 2381 301 235 2264 3313 2599 2422 3750 2788 1304 4511 873 2696 1892 257 4558 2786 3902 3539 3422 1168 3118 4298 3625 829 3286 3753 2562 3136 3431 1572 3717 4858 2977 1712 2386 3068 4695 3595 3669 820 1460 4286 190 2206 1517 4002 1743 1938 4871 4124 4315 240 76 488 4562 2912 2641 3177 2039 2447 1251 1864 851 4016 2363 271 1116 2469 1290 4772 1394 4319 3446 4132 2300 4036 858 3905 722 4799 3873 793 3453 2682 3027 1393 4102 3831 4336 3447 4961 3234 3668 1907 1097 4109 507 4416 3714 609 2530 2605 346 457 2668 1306 131 1078 1829 4377 2159 4980 1531 2424 2638 4838 2098 1677 2255 4629 4074 3633 3659 3522 2973 335 2698 3297 4406 9 2123 1773 251 2100 194 3986 4052 1161 4617 3584 4250 3621 3109 4740 3070 4793 2749 4851 847 4672 2066 1934 2192 2620 4162 2139 1017 2815 1243 2832 2838 3096 2670 3434 4106 1408 1114 4181 2183 3723 2042 2462 3736 831 3172 1407 2635 1893 483 2747 1164 2529 3919 1038 2437 3227 824 4753 3763 62 4937 2758 1405 522 4153 4282 4517 4618 1641 2485 2514 2827 563 1639 3184 3368 49 384 2466 533 3457 4114 3738 2501 2116 1069 442 1160 3721 629 2999 4007 1222 4974 1472 4548 1381 860 2043 1609 513 3411 4491 293 2188 867 3911 1018 4703 2964 2784 2796 973 263 2383 4244 4264 3683 1989 1339 1766 3737 1391 3538 635 4418 4898 3552 132 2389 4197 4169 3044 2086 3105 2364 3582 4644 466 3468 1099 4723 2149 4267 1927 150 2925 951 3840 872 4509 4421 1547 1553 354 2962 4015 3189 1006 813 3845 339 2766 3149 464 3990 4873 4257 2299 926 1735 2922 2708 4142 777 4675 3173 4682 2779 4927 4247 2025 2342 1352 4908 717 610 1331 4352 3975 1906 3450 530 2703 1700 4634 4204 2444 2003 4446 4323 2954 2046 3169 3623 3514 1479 4840 92 4761 2259 243 2332 1102 863 920 4064 1718 4625 3704 1171 44 2168 4458 1545 583 2905 3145 4777 2988 700 668 4309 4135 4261 4354 4752 1480 3634 2750 3213 429 4954 4583 3733 1679 2397 2522 1258 392 1193 3292 1395 1505 3254 4631 4450 2518 4420 4694 2355 4266 2775 3298 1218 937 2945 1369 2854 2525 1412 4272 4440 4596 726 1611 3001 1320 811 4959 4795 241 3746 917 98 774 289 2538 640 4606 4248 1122 3601 1476 3352 3200 1165 1077 1672 4217 1995 2055 1655 3143 2298 2537 4637 4817 5000 2091 4926 3559 1867 187 1139 2406 1842 3710 3661 2456 2087 564 2532 54 3523 4025 1596 2658 4379 1684 1678 1174 141 1101 1332 2487 1289 2052 3767 3901 707 4857 532 2474 3076 2943 4773 112 3835 1799 728 3024 3744 3859 4017 3156 3182 196 82 618 3833 967 227 1588 3195 4888 3183 3958 3593 639 3093 2233 496 1574 4426 3760 1767 2452 1899 1998 2547 4295 886 4060 1029 2153 545 2813 1648 4212 64 4867 2631 2253 3590 1023 4968 1518 3263 991 4027 4110 4199 2061 4281 3904 157 3125 1401 2008 578 1433 3452 1768 4049 3591 1015 2348 874 3705 2085 1350 3857 2022 3315 371 861 3870 996 655 3805 3339 3726 760 2305 3843 4238 3770 2288 2122 4289 1815 2544 3809 1971 2960 1474 3635 1534 3009 1214 2667 3965 1378 1319 2508 3507 596 4809 1096 1541 13 3489 2454 3788 3335 3916 3404 1403 580 478 480 4705 4607 2678 355 407 4697 2281 4192 2900 701 4001 2130 3328 4708 4896 555 4166 1539 4490 4497 3306 4765 2271 4923 4480 736 924 2009 553 2707 1841 2286 4461 3495 2017 2790 310 857 4299 3896 3583 589 2524 393 3039 4549 1438 3050 3624 3741 3253 1929 3225 36 791 1083 4953 4597 3046 4184 842 1780 2885 1197 2604 356 4467 4864 2313 295 3319 74 4823 4351 1816 3506 2134 291 4920 3771 2512 4189 2919 2674 3764 1931 3424 6 2186 1253 3229 3707 3715 3696 1808 2940 3083 3206 2217 594 3377 2296 176 615 2994 3977 4342 1103 369 2148 3730 69 3938 4476 172 906 3727 4481 4716 2685 1504 2805 4393 4203 2713 852 2213 4041 1483 3685 3851 3148 2961 4098 3121 3152 1920 1576 2272 4318 1191 2195 115 2237 1268 1733 4256 2857 4205 2326 2663 2450 193 1991 935 1777 3192 1509 2207 3632 4750 4208 4143 90 4729 4719 2595 1461 916 2112 1385 3381 834 1610 4086 3064 2256 4756 3314 1396 1513 2273 788 3299 2783 3307 939 2005 1230 3249 3317 2196 3581 2521 2608 4601 3344 2541 4396 1597 648 2515 21 3732 4828 3135 2323 871 1744 439 1366 1696 4884 1254 431 1478 1835 1831 4168 1673 2629 139 2251 4993 377 2320 814 2048 4502 3544 547 2228 1074 2407 1748 1090 2712 1201 3435 1216 3930 3337 1051 3678 4034 42 2505 1085 3361 1419 876 2230 2470 1024 2244 3396 3338 1962 1550 1444 1081 406 3484 732 1276 2767 4563 1538 3554 4332 4004 299 2732 3729 1212 4492 915 554 2154 3518 1047 4859 4743 3553 2862 1794 2889 4345 3085 1040 160 467 713 3137 957 2740 2247 1305 4300 2292 2801 4568 2570 1441 1987 252 4771 688 4555 3692 1951 2649 4314 3205 1881 4791 1211 3650 1637 1544 3787 4763 1717 1871 2057 3979 367 4983 4611 1180 3057 3207 258 1073 1192 1189 3547 4160 2903 3420 3752 641 2893 4078 500 1523 1108 2565 2808 343 2729 4499 347 1358 3574 4073 4967 535 1895 2243 2297 816 884 1502 2227 3487 1837 1839 2065 3185 1176 3652 3587 3890 1967 4576 1361 4566 1210 3580 4844 574 2669 4484 376 2995 323 3971 3078 1573 3838 461 1921 1730 1514 2190 3724 3201 234 1634 845 573 130 2799 2822 4821 4412 3779 1050 4297 3309 1986 3881 2671 3436 3617 3242 933 2092 4290 3130 3985 4900 4747 3048 526 3040 3063 3526 2534 1287 2891 2103 4633 3358 1255 2341 1820 3493 4978 2440 60 1021 1586 739 521 4185 2904 313 2863 328 1530 3374 3245 4901 4386 970 2664 437 4739 3362 3461 2324 2745 1063 4334 4287 2689 3815 3007 4075 3321 3403 1783 2870 2574 3548 425 614 4451 399 1527 4684 4435 162 1809 4642 3803 4105 2970 345 4210 4543 1833 612 1140 491 3418 1317 2835 277 1901 1066 1235 145 2439 1392 1266 827 4524 3041 3871 1650 2593 3472 2125 4335 763 3892 4137 3550 806 4955 4671 3033 1233 929 4647 608 4767 2947 3626 2981 4277 3578 4588 1162 1379 1234 4255 3289 122 748 256 1635 1143 992 4559 38 4227 79 676 1076 2199 1170 4183 689 724 3557 1652 2785 1904 3153 2478 212 1325 3065 231 2568 714 2942 4044 456 4508 1324 944 3837 1612 1437 2312 4610 2963 239 3836 4768 3449 4707 282 785 253 300 1928 1761 4202 1537 2626 3075 3310 1080 1968 2143 4721 2770 348 2503 1977 1653 679 955 1716 320 63 136 637 1418 1607 2318 2384 2640 2911 199 3428 4556 3665 4930 3355 267 1380 3641 3188 1123 2356 4928 3340 4533 3151 4825 302 1975 4284 3599 2378 1591 2316 1984 1318 2969 725 4656 1128 165 2757 312 2464 2410 3754 170 3731 27 4437 338 2868 1582 2561 3157 4280 101 2662 459 304 662 1345 1055 1428 4032 2533 1326 3342 3141 3466 4438 366 3351 3960 990 334 1068 3540 1525 751 1855 4987 1965 283 2164 4621 4407 2856 2979 2752 3262 4092 1158 4072 1462 4362 2598 1231 4735 4260 1882 3876 663 3758 2361 1919 4148 2542 4423 2744 3655 3035 3662 3228 1801 4646 3322 1035 1297 4366 3565 3807 4600 2753 2040 4048 273 3933 2941 2655 4724 2672 826 3266 4755 479 4361 4854 2366 2528 2484 4775 303 3967 2552 1983 3748 862 673 166 2843 127 4952 2393 941 1884 745 3996 3528 3869 10 4479 1954 1963 2111 2763 4662 2555 3575 2855 2432 882 4045 3238 2852 3830 1790 4229 1335 1659 1950 4061 1450 3638 4640 1451 3530 1606 4103 3586 971 4520 4865 1546 3264 4405 186 888 1089 3927 1818 3877 582 1338 2902 4218 337 2955 3208 4452 3891 1869 809 3676 1800 4468 3658 2923 1204 600 2094 932 4989 1301 4121 4194 3230 4835 3209 3572 2772 3114 2564 3062 3369 2679 586 762 3761 2077 4910 4758 1455 1556 3080 238 4241 3146 19 3395 3703 1207 2225 4063 2814 4173 567 753 779 1836 623 4344 1623 4325 544 3783 4008 2830 4117 1310 1933 3122 1697 4434 4932 4430 1554 3496 3531 1765 3071 4069 4050 400 4651 2760 1620 3954 37 3610 3392 4577 4065 2804 4439 4411 2239 3712 2449 4263 3973 658 4849 2811 3380 208 3016 4706 2291 999 2933 2920 3357 891 1330 4128 1117 4720 617 4500 2226 4211 3221 2062 68 3778 2998 3126 1981 3673 1134 1217 3091 265 93 4449 4802 1267 4388 3378 2849 966 3482 977 4560 3312 836 1754 4769 3762 1909 3018 4924 1098 4995 3957 1521 3231 4419 3366 3359 1889 2869 4516 2322 1175 646 4996 2178 4145 3699 203 350 2184 2229 2743 4587 1246 3847 619 2339 4402 2860 2686 1121 2597 333 1915 706 3542 2754 2930 4612 4096 3443 1941 2334 11 404 1421 4794 4225 1486 3797 52 4356 1001 3806 113 1 2435 4384 4638 3216 2935 164 3282 3397 919 4944 4745 1885 667 1417 1494 3680 3372 1186 2391 3316 2543 3294 789 634 4274 2198 3777 342 4643 1551 179 2614 3481 870 1145 2580 1118 548 1580 2982 3883 910 2140 3437 833 298 4348 4177 3326 1003 198 2527 790 4413 1307 3243 1721 449 61 602 4981 3497 1980 2232 4066 1232 4538 1362 4972 3647 1704 3648 1993 4958 1465 3097 4819 2890 1155 274 2421 1663 913 2741 3384 918 721 2028 1891 4201 525 125 217 1072 4942 4546 2165 3850 4649 4734 3951 4131 2875 4347 3014 4727 3334 3444 3010 988 2968 4965 2572 4613 4046 3918 978 1413 1633 4370 3823 1593 2939 1034 2453 780 1695 2344 998 2372 4029 4770 738 2367 1753 571 4622 965 2634 1757 2972 1796 923 4950 579 314 1656 454 4307 1370 4507 381 4766 599 4586 1059 2082 2719 3910 1519 1890 1812 3291 3364 260 3688 2418 1435 382 3597 4545 4409 3983 699 1643 3061 4852 1742 3331 3082 1508 202 3356 4391 4571 1647 4868 604 1770 2768 2488 3021 1566 4670 976 3689 674 159 4892 426 2777 2210 2270 889 654 1575 2880 4582 1298 524 930 1273 329 70 3993 4731 4195 3775 123 1365 306 2793 175 799 2044 4738 3045 2991 1694 2536 2293 3865 4669 3132 2420 156 1917 4605 735 3123 4785 3649 4310 3005 219 2037 2434 105 415 2953 4022 4523 607 4424 3529 3728 287 3421 4679 3698 3856 2345 1028 893 3908 3376 1259 2636 373 1739 3745 1135 3955 1676 3288 2174 349 3163 616 4510 3257 2931 3370 2692 3756 1755 1535 1737 3925 2392 3897 3491 3204 1153 462 3964 1285 1282 1693 1533 2189 232 4663 321 1482 3872 3646 4206 280 4797 432 964 1645 3663 3456 4698 2714 450 3056 264 2027 3107 2819 281 4275 1894 4182 1756 2628 4564 1838 719 1792 2700 4831 2310 1870 3492 3508 1966 455 4358 2884 2619 1769 4585 4374 3612 2535 4462 305 447 2006 1947 4550 4897 3332 438 4966 1561 1614 4547 4328 2400 536 3842 24 3388 4518 375 4487 2388 2653 877 1434 4893 523 1467 1942 2687 4350 2829 1708 4792 3346 3236 1878 3248 1524 4540 2545 3861 3589 4879 1862 3862 4305 4385 3934 1064 4862 805 3561 108 3657 887 434 650 233 2060 804 1972 1598 975 741 3193 4992 2211 109 1595 4294 3929 2000 3385 2115 823 2723 3636 4047 2493 1007 140 527 4991 1454 4154 2809 1256 4058 4149 1752 940 4167 4940 1487 2683 276 2886 2812 979 1095 2589 661 3271 1830 1449 3864 3656 3171 3196 764 3190 1431 1988 2413 517 694 3324 4236 2354 2306 1377 3155 2792 1484 4141 3305 1406 656 2578 3504 2465 2734 2051 1964 3003 4163 3974 1749 3691 4249 2110 3545 2975 4986 4899 168 4359 4196 3244 2218 441 4935 2235 396 1005 1036 59 4304 2810 413 3889 2429 2596 71 1414 1918 1190 1410 4824 4677 311 3826 4175 3147 3429 4042 2290 2068 2610 2690 1688 4645 2252 770 3170 4125 1584 2212 1208 3931 2491 4882 3119 4213 4302 693 3347 2265 4914 4688 2360 1775 2049 3711 3793 3941 2072 2661 2365 1087 2019 4378 1137 2483 3722 837 1973 4237 848 2222 520 638 2426 927 4501 83 3235 3515 387 394 4554 1262 4390 360 2127 1982 2472 318 4836 3759 892 2105 4408 1711 4628 2807 3256 1312 4313 4365 270 1432 593 8 565 4787 1328 3 3279 1383 2576 146 3671 1181 1492 4077 850 2996 3178 948 3382 1779 3174 4951 4683 307 1156 4850 3614 4085 1445 2957 469 4591 2894 2897 4456 2117 2352 730 84 3476 4498 158 1303 2992 3774 1260 3795 2706 4811 4590 266 3603 1813 1914 657 4234 3451 4948 100 2965 3069 2014 1148 4676 2101 866 3675 2327 4938 4107 4657 620 1608 1373 1415 4442 4971 1687 865 3162 1442 2651 185 3260 99 3038 3776 630 2748 2684 1528 214 1997 2287 1060 2681 703 4269 1284 4465 3280 2147 2138 4537 659 2944 2234 3564 3088 4574 2208 2844 1100 680 1649 3719 2611 3116 3653 2581 4429 2987 1640 2927 209 1817 4367 546 3255 959 2221 3516 2496 3353 1124 3302 124 1581 4912 4082 2949 86 3984 4240 1470 2499 4737 591 2984 2511 1300 292 624 1293 4150 962 1453 1880 3866 1908 2337 1343 2997 4764 1200 4725 2736 765 830 2510 4349 4055 1626 2004 4011 2278 3928 51 174 1935 2825 4018 752 4869 4317 1054 1104 3432 2697 4889 1787 1236 1342 2007 3563 1009 980 2477 1849 2428 2169 4133 3008 2918 1898 416 543 4312 2379 4301 868 2513 4296 3532 2764 2013 2921 3004 651 2761 952 4152 3465 3325 2881 1859 4818 4417 4796 3894 4976 2846 250 3560 142 2250 4736 4119 2050 4012 3615 1468 3536 4891 2173 408 1664 2126 4872 2038 954 4433 3701 1602 1093 4800 3613 1205 2908 1976 4885 885 784 285 3782 2553 2937 2070 670 3801 4595 1245 3827 1203 731 2632 2459 3773 1316 2539 4337 2157 2162 4822 452 4687 4534 3499 2248 1760 4786 2612 2 2586 468 3994 4230 3111 4668 1086 921 2113 2909 4895 2733 3922 3022 3686 4369 3140 379 4464 1105 4602 3223 1422 4375 1548 3694 1333 53 3073 3283 2328 4665 1806 2457 4161 3323 4994 4243 3202 1624 2081 2088 727 2782 3622 3598 1618 4392 48 4979 2548 840 4949 3781 4614 3311 562 4219 1206 1493 1926 3455 1423 2036 2473 4123 1661 2554 3718 2709 4033 473 1263 1057 3535 4659 4790 4039 2882 2726 4931 499 1619 3077 549 3780 4428 2254 3906 1229 787 4283 1185 894 2731 4639 3218 2012 2279 3755 1184 269 3290 4005 3081 4472 4527 749 3270 365 4220 3099 4028 2725 1239 3379 226 359 3734 4079 2494 2795 4834 4650 3740 89 2136 1949 4875 412 2887 2333 2806 1990 4693 4330 3354 2015 3180 4021 758 2850 1375 1751 1873 1631 1131 2419 636 1172 3333 4664 4448 1860 993 4357 211 4200 3792 3470 2395 781 828 2141 308 1244 1397 4936 2676 1827 4228 2160 2711 4678 1569 1052 3441 4477 2282 3215 2500 4748 1698 4579 2385 556 3981 3604 855 3543 460 1463 137 1788 810 506 592 2074 2853 3036 4578 2467 39 3363 2531 1141 1601 697 2106 897 3510 2387 1853 3505 249 1763 4341 2652 4837 2871 121 985 519 2556 1113 1027 43 1154 1359 613 25 3475 3467 3490 4394 4138 4915 3802 686 1398 331 2451 403 1353 907 4333 1834 1010 1425 4529 1309 1590 3474 4118 1922 261 2468 3165 2146 1404 1223 841 633 4841 2277 1747 3640 4100 2727 4381 254 928 3940 1490 4832 1902 4542 972 3909 3962 4784 3308 353 3259 15 3936 2910 3415 869 1228 4360 2181 2073 3769 102 3383 1084 4081 489 3060 2776 4863 4680 297 3261 2797 2516 397 4903 1130 2193 1183 4380 4251 590 2096 2175 1764 1294 2746 2517 352 4990 1725 797 445 4104 4331 2976 1667 1132 3176 2331 3430 475 3458 4190 284 3287 2737 4847 1374 2724 2329 3596 4599 1270 4565 128 1814 3915 155 3970 3556 2566 3079 4270 3066 1726 3442 2335 4198 2540 2380 4372 761 1657 4343 1178 2053 3620 1662 106 259 4653 3672 3285 903 622 510 3103 1702 3164 4904 3956 2876 4293 818 1563 322 2722 4455 595 2197 2778 3630 4395 1112 2883 1738 4471 3485 2194 2443 440 2099 511 4945 2673 4709 1691 4087 984 3679 3226 4495 3393 363 956 1014 3844 1707 358 3233 3566 4326 1709 3946 4037 782 2330 463 1731 2762 3585 1491 246 4531 1150 495 4059 4214 704 900 3950 1636 1632 1994 4136 1828 1179 1807 4689 126 1163 3158 987 4744 2076 1106 912 2404 4383 3210 56 1133 4308 3409 792 3473 4009 1247 1585 3479 945 953 2047 4371 2152 1033 4095 3735 1552 4321 2231 4604 2415 3913 143 1823 698 1660 1499 1340 482 4907 947 3687 3390 1046 4285 786 1322 2742 385 35 2219 2442 2717 317 4608 224 2132 3278 1440 2262 2728 1372 798 3708 2481 2656 681 458 3423 902 4112 4279 4985 1600 1939 4581 206 1311 4829 4757 4641 2427 4316 539 1999 4846 2059 189 2839 2924 3863 3757 4673 2448 3002 1119 2621 3848 3697 960 3534 3211 3924 3503 3664 3512 3336 368 4956 3519 775 2657 2787 2594 3849 1481 557 2948 1822 2585 1936 65 4632 1177 4363 1750 3629 3898 1843 2314 110 2371 1198 3768 1371 4594 825 2177 4730 3348 4535 247 3611 1265 4209 1166 3483 4399 4111 200 1781 2990 3252 1699 1961 2156 1536 3988 2216 1271 3824 4376 4327 4820 20 3855 2180 17 1565 3923 729 3399 2934 2179 1559 4253 1475 1224 3203 3525 4488 4561 4156 2018 3387 2475 4619 2705 4654 3186 3042 4368 3074 3812 4186 2606 1605 1215 1389 1012 551 4176 1578 4469 684 2639 2446 585 2677 1937 1125 2302 1458 2771 2242 398 1876 1945 4616 1540 2205 2220 213 3820 1910 3948 1126 58 3330 2276 821 3509 1703 3579 3968 4630 2258 4193 3885 603 3992 4997 3054 3980 2350 1912 2666 1577 2675 4140 2978 2898 418 2637 1940 4715 484 4024 1923 2623 2660 2026 3912 1429 4030 2370 1840 3969 588 129 4866 2873 4781 2461 756 2137 1557 2151 4624 1364 3839 414 2701 47 2034 4762 471 2399 4427 2648 4056 4292 7 4505 4023 248 3026 4513 2874 2715 666 1107 3463 550 1957 559 4410 1196 2710 4726 390 611 3558 819 1710 961 4245 57 222 577 3645 2851 2956 4592 3440 2238 4580 1120 2914 1195 2858 1668 982 4911 4843 2520 942 3808 173 3031 1286 2071 2828 808 3819 938 2691 2549 4482 709 3304 3959 625 1443 1129 4485 1728 4627 501 2959 4165 3594 4174 711 3365 4443 4801 678 4478 315 3867 1819 2895 2120 4870 149 2950 4235 1583 1159 771 2263 4589 135 1446 148 4067 2390 1313 1226 2613 1615 451 2240 3029 3486 72 1257 4946 1157 2083 201 3167 55 715 3576 2867 1846 817 4093 4798 1911 288 3569 1861 1681 4278 3978 2718 4129 4635 3367 1810 3742 708 16 3047 4519 2172 743 3684 1025 4691 4732 4544 327 769 1402 4130 2289 3112 242 742 1592 2319 1187 3667 4886 1173 244 2308 3713 3128 983 3716 1291 4006 2642 4887 4666 3789 1515 3224 3816 4262 3239 153 370 4584 587 1427 3616 3181 718 1242 2058 2171 1734 4454 2095 2590 1782 3020 1630 3639 2989 4094 922 4711 1142 4916 1341 2021 4776 570 3293 3343 3549 2617 1182 3693 1471 1346 3878 3868 772 405 846 969 4329 402 2069 2622 1110 2848 575 154 1354 3405 4855 934 647 3327 3651 1722 3400 4113 4620 336 2045 4051 2695 1868 1507 446 4489 2841 864 1296 925 3786 1930 3232 424 4164 2285 4878 2346 1053 3695 3240 856 2001 4975 3272 1042 3448 2200 878 4178 4906 1821 1220 3110 2751 875 3160 4814 795 2102 883 364 3425 2191 1879 2519 3275 2837 767 4553 85 2607 4569 4397 4741 2577 2498 465 1804 388 1199 1562 890 4339 4147 534 4567 1466 4099 2755 3887 2020 2471 1065 1399 4083 3568 1000 3191 448 1713 4539 4816 3115 4939 905 4573 1488 3828 1741 1797 3743 1386 2214 2024 4108 3034 4453 690 4322 2823 664 4432 4714 1746 3521 1411 4080 23 4718 4905 1056 4126 4877 77 1786 1520 215 4572 2104 3300 1237 1082 3953 3644 1811 2730 773 839 3250 1874 3175 4084 516 2023 946 12 4224 1932 2865 3600 4155 2665 1589 3092 529 4909 2245 3274 4808 1970 1883 1925 3854 3949 1729 2029 2215 4842 2124 4013 2078 3273 3161 1043 2374 3914 687 4685 531 1599 3944 3963 4690 245 2423 528 2699 2433 3932 1281 1613 4031 3609 3725 1355 118 2551 2716 1516 621 1138 4890 3945 2567 3700 2624 3799 3199 4364 2187 2032 87 2824 3101 2090 720 2980 195 4127 420 512 2307 1336 4861 4400 41 3999 1387 4088 3677 163 2879 569 2343 3139 601 492 776 3571 182 3117 279 2257 422 515 4346 3690 2800 2311 1848 1670 538 1376 2504 4097 652 2204 50 2476 2458 931 4431 2425 628 4231 95 1219 2509 1913 2603 1959 2375 4570 1847 2833 1955 2630 757 3401 3709 391 3882 91 1151 606 107 4233 2906 572 3796 4398 2304 1368 3268 4783 3618 3462 3791 5 4810 3903 2376 1628 4779 4425 2241 705 2121 1115 2129 3059 1683 904 216 494 3142 4532 712 1568 4609 2780 3477 2340 2284 881 754 4803 30 4226 1496 28 4636 3032 4043 2803 2315 2182 4701 4180 3269 1329 911 1896 255 1382 3154 1872 2872 2224 2482 4528 671 1791 4652 2836 4134 740 2131 3899 541 1032 3345 1850 3102 803 2357 2773 2774 487 3159 2896 278 3089 1638 4522 2054 4035 1477 768 3194 4921 1147 2966 2591 3133 490 644 2602 1079 3606 2625 986 1188 3886 2317 4306 1740 2888 4239 747 372 1784 4918 2056 4436 1356 2618 2283 4483 1327 3214 4658 3469 2158 3702 3674 4894 1992 3478 2301 4474 433 2967 453 4470 151 2368 4742 3573 3998 1049 4804 4159 138 4422 1240 2441 3120 3090 26 3222 1167 1946 2587 4536 1144 4403 1279 2739 325 1002 1510 2817 2377 2135 2336 3520 2486 4401 3577 3858 3025 3533 1736 1283 2826 4526 2201 2735 3341 2107 2080 1334 2958 3966 755 3087 899 220 1048 97 1456 2936 3811 3427 1844 3637 2359 4068 2720 45 4977 653 3942 3660 3168 4460 4839 2489 3749 2150 4170 309 2688 4382 2654 1238 4252 744 4514 675 597 3995 3028 2438 428 1473 2321 1948 4860 807 1723 879 2769 177 558 1916 1299 3884 262 4717 230 421 3389 4530 104 1452 119 4751 3818 1360 3445 584 218 18 2430 401 691 2480 2455 2938 759 2659 2526 2002 4833 746 908 3513 1685 4054 133 2878 2133 995 3251 1152 2010 3935 4040 4957 1323 2506 1384 1674 2507 2067 1651 268 3681 4655 1877 474 1062 669 631 1146 801 1714 4115 2170 936 2303 4789
10000
8756 2969 3532 5739 1302 4047 558 4004 2320 4062 1925 6364 9499 8243 8700 6499 7973 4772 2602 6051 2548 6741 4219 8753 1830 9097 8922 1829 2550 7232 943 7389 1879 9425 3677 3213 697 7145 1563 8075 1393 6674 9124 7611 410 7574 5110 1895 6865 1057 707 5769 1867 2663 9101 35 5922 6826 3776 2102 6334 7875 2165 585 269 3026 17 8276 7003 9909 4863 941 2158 8298 7344 6519 9197 2694 9220 4964 3203 1326 4508 6799 1816 7067 6560 5444 317 3719 4675 8844 6032 2944 6984 8483 6847 4876 465 3730 3846 5126 695 8710 9233 1390 9746 4102 1896 1884 3784 5022 2947 3507 2360 7124 6531 1328 1580 1889 1984 9382 7792 6546 8827 8367 5539 4884 1339 3215 1360 8350 7754 7793 445 8196 128 1196 9811 531 5793 2067 6082 8440 7019 9273 7122 7814 8633 5696 3755 9900 7061 5325 3141 5977 7925 6459 3080 2672 5750 6815 8519 1780 1811 7247 5986 1731 2190 4161 6761 525 6315 2249 10 2453 1824 8876 6832 2372 3878 6811 2546 1344 6909 8050 8431 9070 795 7729 4618 9058 6250 6830 2410 5623 6229 3866 867 7947 9645 6982 1904 5639 453 3379 9660 7218 5082 5799 10000 2510 3279 2021 1611 2053 8875 2532 9727 5751 7211 8064 7454 833 7303 2585 5543 5114 402 4556 5321 8549 6296 945 1211 2662 7342 7259 110 5942 2467 2593 8420 6977 8090 658 8136 3935 404 423 1294 481 7244 6504 2151 9163 5143 5708 8092 8930 3668 7459 8867 4794 870 4702 5340 7447 8156 5201 5059 2889 4673 8620 6646 8006 983 1500 7503 2561 1641 1572 642 3994 7022 5429 7640 5583 461 8657 2499 9112 9826 9118 7905 6178 2356 9162 9890 2405 261 1293 4462 6586 4922 8963 38 5813 6980 6520 2773 4947 4763 3036 4255 7290 80 6746 352 8646 7178 1531 5731 2731 4921 2616 4312 8771 5542 589 1738 4362 5968 8272 7722 7633 4716 8065 340 3541 7745 8175 556 8215 7545 8558 1124 4621 4810 8459 8265 9259 9012 2161 5461 6558 3900 1859 2344 5969 8017 3390 5115 105 3224 3503 5358 7542 6938 2210 2129 5353 6954 1243 9700 3182 5733 4904 985 152 595 3783 3588 4417 2595 9814 3209 749 6241 1191 3230 494 2926 2445 7071 4972 7157 8167 2998 1570 7591 7776 7619 4697 3891 8348 2104 9699 2079 8144 3192 1885 9256 1283 7687 5468 6150 7081 1499 2943 8321 6415 8378 5789 3140 8482 665 4218 9486 9953 3642 7364 5466 5822 7328 7845 5227 4325 1987 1655 9993 6655 148 2651 4805 4204 1647 6174 3564 828 4888 4731 1858 643 7419 6904 3418 7735 4631 8747 8287 7331 4296 7162 242 3425 7598 6656 3370 6944 3848 3487 5371 4963 9889 9672 363 7120 6118 990 5402 6002 8045 2084 4253 6584 752 8915 7778 8070 451 5218 5324 8885 439 5311 8247 7873 3534 6851 2558 9853 9015 277 1448 9001 2609 9137 6103 5225 8214 3090 6498 1130 1257 6951 5116 8414 2859 2214 2608 4605 6283 7890 1694 9198 8359 7256 5390 8044 4044 8556 6667 9647 1469 787 6762 291 8009 6648 771 1527 62 9774 8417 1794 2752 5446 6598 7571 5577 6786 7755 9674 1487 7300 1418 2551 8205 8363 8614 6474 2299 2633 9574 6780 9744 8871 564 3060 1118 3860 8589 4431 6035 210 1574 7289 1044 3403 1989 3494 5682 3840 905 8004 1330 9644 9339 6129 2101 3364 30 1926 9652 8732 5526 7685 7652 7816 8602 8122 6949 8267 2297 9966 9476 874 4548 3628 9389 1911 6756 3995 5250 4258 7141 2227 8341 3806 6579 4785 5137 4228 6683 3693 6675 9228 4103 6196 7205 6854 6333 6733 6796 7521 3157 2958 8164 1092 1477 1139 1087 3251 2448 7121 1588 5235 1442 894 229 5240 3825 9576 2427 8882 1938 372 7550 3817 7257 1620 9593 9078 1912 9918 7387 4173 5738 7961 5909 2635 7847 3911 7180 26 2772 6453 9174 9670 2375 7444 96 3681 4662 8855 9922 7033 1515 9340 2569 3336 9274 5261 9377 4277 361 2578 5412 1603 4094 4582 5858 9297 7750 8244 9753 9177 4105 1111 1036 4818 267 3200 2697 6642 2020 8184 2378 6932 5464 9881 3947 8703 9731 5766 3107 4018 5299 8678 760 6899 9619 7526 4597 4169 3568 2193 4163 534 8913 7246 2494 7877 273 9020 2038 7414 1260 5275 4054 5104 5380 7487 786 5066 4562 3006 3941 598 592 8813 4647 8591 8463 8465 2296 4414 374 3474 1377 7336 5294 9809 6172 3304 3133 2088 4620 9316 9212 5833 7559 9298 8944 6505 3726 5912 6687 375 3529 1365 111 1659 1608 7680 1267 1923 1072 4006 55 4817 4037 1470 7615 3391 7395 8502 5278 1102 6782 2423 9313 995 4579 2993 955 1204 4923 8177 5860 4126 5817 2213 2753 7700 2596 735 2610 7858 9 6095 5188 4517 5954 2418 4297 9980 5756 1241 7243 6493 1157 5272 1924 6557 3234 7612 8223 1995 287 4936 6084 4766 444 1479 7564 4967 8531 4779 3613 2471 8742 7917 1881 3828 8403 225 5305 6269 3944 3875 3583 5760 6689 7766 6776 6297 5219 1936 9040 6608 3847 5018 4235 3068 1015 7143 6606 6316 4585 6165 9533 8643 3896 341 3120 2241 6109 7181 4167 4839 1158 9542 1893 3023 391 8333 6042 4168 5593 7772 4992 1854 2603 8843 2641 5966 634 3750 7420 5196 8462 2541 8112 1454 2055 9251 3727 199 2887 2963 4243 6472 1280 2948 7627 7874 3479 2656 4711 2835 339 2733 2997 5047 5883 5960 15 443 7968 514 1421 5431 6440 4573 3968 6999 9210 773 5088 7707 6206 5633 3973 5804 6208 2278 8478 951 2706 1298 8674 9649 7599 8055 7914 3222 791 6876 1238 7639 3691 2267 6766 7785 5971 4648 9638 5534 4666 7076 4211 2951 4371 6823 1471 182 2869 6894 5585 3547 9935 5307 2316 6106 2721 4033 3254 6000 7949 7128 9877 2031 9765 4695 20 7805 8716 967 4114 7405 9243 6414 7435 7146 9607 5613 8997 8179 5087 8419 4390 6186 7475 5635 5869 9863 4452 4682 3193 6617 6362 3728 316 5048 7031 7446 5794 8605 2373 8268 8784 5106 2233 602 2613 6219 1056 4607 3655 9861 1071 436 6695 1517 5589 5078 5071 9111 6425 1973 6705 7201 7453 6291 1953 3436 2888 3733 5735 3913 6314 6875 2879 789 3590 884 8501 6436 8691 2513 9272 1601 4166 2456 2364 8892 1370 9283 4588 747 4181 3175 645 8103 1735 1367 5333 7254 5950 442 3063 2049 6176 8446 7657 2144 5758 4877 7859 4541 1822 604 9950 3988 5181 6158 8999 3557 2913 5641 6290 4064 8543 5660 9345 9511 9721 9105 3109 406 3103 7113 9754 1624 4364 5859 1148 9090 5426 5281 9257 4764 1947 7933 7091 3031 6618 9600 4084 9356 6182 756 4076 7164 2736 8554 4193 5619 3768 1281 395 1970 2649 411 6878 532 9376 7648 2357 8740 2303 5913 5806 5873 8474 2187 6435 1507 5155 5774 8139 9246 769 6890 44 4093 8787 3492 664 2152 1258 7215 809 1851 53 4411 5045 2415 4721 2712 3400 5609 4961 9188 3950 3884 8967 2734 3318 7415 280 1800 7929 8652 3921 6209 8161 997 1407 9108 3241 7272 7116 6543 1748 7268 412 9832 4247 48 7884 5517 8444 8939 4813 2800 1391 9408 4707 4198 3021 5884 8616 3294 1657 2741 2371 3605 6139 3356 2080 648 2331 4059 9143 1684 8283 1214 1568 3981 6935 8255 9693 9602 6967 8806 2565 6098 3397 2464 1752 6884 7106 8454 7852 2383 4600 8047 3754 4912 88 7889 1967 1732 7130 2811 3484 3184 1301 1805 3980 2707 3664 2968 5375 3596 1210 1762 6252 499 6458 7430 1245 9319 8619 2292 5532 5849 2586 9523 1347 4821 2645 4057 8258 8128 3362 2924 5229 1349 5405 8694 4370 3716 1026 9605 841 4387 231 2057 4919 4937 729 7665 8133 1081 7533 3696 4797 5498 6742 1208 8584 4540 3723 6686 6132 1914 823 6048 8456 9032 5295 239 523 7910 982 1700 6697 7340 9535 190 3269 1692 2342 2319 8236 568 438 8495 6346 7832 7204 6988 6087 5672 4405 5675 4591 5312 4014 3937 968 466 9940 519 5161 6706 1685 139 1856 1567 3282 9342 6343 8384 9046 3263 27 1376 4049 1950 4934 1458 3744 6907 7012 2856 8107 6596 456 1516 3832 5487 4903 9915 1630 7625 5979 9575 5818 9052 7945 3059 3998 9248 1969 5985 1491 3550 1861 1817 5034 2341 6503 4715 7710 4594 2709 8623 3584 929 6644 3612 3074 3881 3205 7937 5768 9474 8228 3831 6356 3625 1362 1354 99 9698 5029 5036 2385 9732 4493 6358 2027 2840 1340 2983 7590 4176 7568 5746 2534 3160 1462 3592 5232 7866 8317 5486 3044 166 4610 3369 8680 7671 143 346 181 4543 4739 9136 2930 7323 1221 5131 8841 448 3917 8653 376 194 8220 3617 3661 7863 6342 1429 7860 4659 383 1253 1312 2274 3485 588 7934 9555 7790 9939 5287 8120 9658 9673 7083 551 3338 43 3238 7402 8730 3045 5512 8839 8629 1729 4445 440 1425 3599 813 1697 5434 4982 7723 343 2581 1578 6807 8060 9661 5135 1488 9492 4027 5677 1751 7617 2970 2885 4906 1254 9789 4580 5608 8046 4083 843 2831 2271 5427 4866 2705 3829 1876 2754 54 4205 3290 4128 3276 7142 7238 7237 3172 624 119 4172 4347 3687 6662 1629 3662 2248 8950 7196 9203 712 6391 1234 4709 4691 354 8094 8263 7794 1839 9773 4334 6005 2481 6657 9142 1954 3300 417 6001 4519 4755 276 1126 5824 3042 8061 1799 3077 678 3078 4352 893 9314 5159 390 2778 8762 1008 1216 7893 7555 2435 4973 1039 4804 9573 8364 6732 5180 5277 3738 4825 1528 3882 8125 7183 3702 4929 7636 4234 6442 2555 9466 3498 5622 1193 3987 1681 9498 4330 5362 4657 464 9330 942 5123 6056 5465 5199 7353 1231 3235 6454 389 2173 4356 3267 9006 2315 4701 8476 4907 1653 3616 4150 5691 7380 5697 5840 1526 5151 6353 3052 5345 1476 158 2136 5395 4571 4091 9275 6257 4635 2275 9215 847 9910 98 3332 4578 8380 5178 5981 1220 7269 59 4249 759 996 2221 864 49 7756 4645 2817 7529 3675 1576 9353 1753 6424 8281 9044 60 7332 5724 3818 4553 5848 8610 1802 4011 5801 7108 2239 2159 4432 8189 8874 8540 8750 9073 9085 4518 1455 5907 6372 9668 4488 2458 5017 3666 2289 7242 2990 6615 550 6781 9201 2291 2928 3581 7871 161 2851 2487 498 2068 2883 7920 2092 377 7885 3426 1398 6553 4733 6230 8003 6801 1828 1190 9144 6307 135 8648 9284 7696 6787 9928 8480 578 7074 288 5300 775 9138 1971 4977 3578 2339 7932 490 838 8067 7999 9238 450 5920 8284 9186 7810 4430 6203 6818 1498 960 3861 1841 705 3137 1699 2219 1115 8764 1252 2563 7742 3179 3307 965 427 2112 4078 8334 2598 7477 8071 5439 9850 9913 259 1671 9703 7032 9805 1053 314 5443 6416 5262 8816 3982 7005 9145 4771 5273 3246 3462 9796 2864 5852 3322 8976 2525 7509 1282 4019 4220 2981 1562 2317 2353 5357 9395 6548 6441 6070 8016 1688 9156 9830 6191 2033 4569 9084 6784 155 6371 8840 9615 470 7881 2474 8041 8895 349 2511 8825 9195 5683 1583 8277 5757 7188 3791 6126 7510 1447 6010 403 5536 1595 761 3656 2114 6264 477 4718 7149 6925 3186 1255 2217 1571 8896 5596 4786 8178 6456 5339 708 3778 6049 1259 6119 4860 7422 8381 4017 2309 6351 1473 875 8590 518 9024 738 4321 4200 1017 818 3638 7034 4505 681 7320 6893 4978 7950 7862 8515 2308 8005 1439 1842 3223 6387 6240 9191 2376 8831 5508 1432 2899 7536 1581 420 2379 3018 4595 1372 7515 8651 4892 5893 1820 2083 845 127 6539 2568 7988 3709 8516 2632 6409 4862 1712 6600 13 9598 3432 6463 8594 4995 8110 1897 4949 902 9139 661 1408 1355 9290 6985 5729 7736 3991 5026 7276 7647 4348 9294 9777 9739 28 4847 8823 6567 8779 310 489 2607 4749 944 7042 3497 9452 9778 8735 223 4916 8724 262 9780 6407 4388 4525 8087 8625 8544 9454 2989 9597 611 9541 407 7720 8921 5102 4565 8415 5105 711 9965 241 9003 5709 7057 9380 2390 2931 639 2524 6838 8709 3220 8027 8812 9848 6167 5812 9029 1086 6976 3038 5780 7689 8088 1351 3823 2324 5900 3611 8983 2449 7971 7581 6308 6745 2623 6719 9250 3966 7580 3434 914 9121 6163 9172 3708 4558 4182 3210 2238 9914 2466 3297 8076 8386 256 1048 772 3394 3795 6871 2675 4514 1194 7006 52 3902 6813 6825 4141 323 4831 7522 5687 1335 7679 2728 1891 1285 2793 2860 8379 1074 5632 4930 548 5549 541 8398 1890 9346 8693 5065 6155 8819 2920 8929 8042 2806 5406 4100 2867 9362 3551 2503 2096 7746 4160 1132 2828 2386 3095 8182 4201 1670 4346 4455 1098 484 3355 9110 5050 2244 1558 3245 7098 74 5562 9729 1561 6475 2991 176 8870 4328 2459 3353 1089 7731 4322 7718 9016 4183 4602 3288 9717 1199 6220 3731 7206 6961 8235 8803 2708 7886 3957 9989 5245 4858 8597 7148 9093 5628 7102 6816 4651 6565 1966 6962 234 8665 8632 1788 9429 293 7304 9079 7835 5636 821 8685 2407 8794 6555 9282 539 3805 8224 9740 9247 953 2544 3393 1045 3500 6265 7505 5974 7511 3008 6361 6083 8933 9531 5516 6170 9187 6888 5911 3765 4773 2698 2162 6704 2179 5354 2614 8173 1310 6086 432 5476 6169 19 2582 9312 8400 5914 5236 3965 7557 7452 2789 2000 6388 318 5182 839 2992 8339 9529 8452 2838 1836 4994 8097 5970 8835 5820 948 1009 3679 370 7733 7167 6810 9794 6253 1332 9510 7791 1693 9088 9459 243 5718 5165 5413 7621 7567 1566 8001 702 5996 8622 6478 6277 7271 5416 816 5931 1172 3721 9860 7050 4055 7831 4668 1959 6955 9023 7486 1825 1438 9580 4687 2285 4857 6492 6052 1489 2702 1493 7426 4090 1540 636 8726 880 2103 3401 8850 4567 2424 5485 2844 2725 4252 5810 9289 871 5021 8111 18 4342 9931 9691 153 8449 3885 1783 25 3381 6538 7107 802 7494 6040 7623 7288 6236 3009 240 7803 7421 766 3285 5959 793 4957 2286 9422 9122 5388 5521 4748 3202 3773 6079 3015 8637 2199 7951 3888 3011 3171 2338 9309 3082 1521 6676 5373 2784 8301 8382 6021 4787 425 8902 621 6593 4316 9629 183 2425 9934 980 2066 373 2224 986 1760 3707 5520 2729 6122 7492 7484 1719 6722 5747 8500 2570 4130 3212 22 5624 5409 2061 3166 1061 7769 7376 9326 8404 8124 122 6014 8018 312 8872 4045 2312 3229 3491 1314 5770 3489 7966 9349 9718 1404 5492 6702 2056 6507 3746 8852 1505 2195 3349 378 7872 2414 5129 973 7931 1492 8525 7708 3626 9689 1667 8658 9035 186 1465 6197 141 1064 3997 6092 3092 7823 2160 9146 3554 3201 8300 1939 2912 1615 2154 9039 6449 2759 3126 2351 3572 9132 8082 8899 8654 6819 7596 7972 6968 4208 5157 7285 6130 21 3869 2046 1151 8667 1350 8477 7478 1251 9455 5828 6625 4080 2950 6161 7037 5290 9907 2172 6367 206 6403 7073 9231 3457 596 4065 1627 4377 4958 2402 7763 9252 9485 9941 1276 6024 5062 9348 964 2243 2512 9204 5108 4386 1195 5146 5177 3480 2153 9375 8949 5430 5538 4410 8458 3417 6685 6213 93 8837 7517 8965 2945 6750 8327 1206 5361 991 506 7705 3169 7241 2939 4443 5263 9400 4471 3513 3893 6470 3227 3915 7836 392 4599 9632 3792 4915 367 2468 2836 9030 4639 8550 4081 7423 6770 6986 4164 2491 717 6061 8505 9862 3270 8772 527 9352 1457 4119 3979 7101 3802 1263 5625 3177 4524 7189 8760 1134 5284 9742 2574 9524 8029 8451 3659 270 2737 5004 4633 2134 7194 9424 9301 3405 8873 3341 9704 6267 9978 8147 8493 9278 3348 9908 9932 6510 147 2892 9158 9048 9875 4837 1609 8210 679 3710 629 6108 3905 2429 2388 5379 3302 837 8737 1055 8522 984 6588 3743 5503 4793 2825 561 4034 7072 3073 7393 7203 9153 397 7064 8405 4191 2050 2530 3124 8197 7029 2853 7367 5073 5904 6133 4843 9929 6585 8521 3645 9049 7210 8294 9096 8475 7900 790 2237 5133 9332 1247 3345 9528 9373 4563 7463 4481 7200 9566 646 693 4889 6309 4184 5504 1968 9771 620 6698 189 3296 4911 3510 6081 7059 6088 5452 3536 9367 1755 6749 2024 2279 3465 1264 2146 7112 6917 9804 2829 8537 1506 6887 9050 1490 2952 1827 2543 8568 8960 5198 8576 9549 6658 4855 100 8728 3836 4761 575 1910 533 8056 6513 5393 7410 6607 8311 5998 6466 7483 8376 4552 1831 8052 1186 6231 9244 6417 6124 5187 9713 7534 4681 5499 723 6763 8780 3576 3558 5118 7697 5149 8790 298 9583 5323 5163 7357 2245 2795 3333 9726 7547 5581 3108 5831 4641 4213 7942 504 2486 9762 6659 6411 7216 8457 9383 5510 4186 3689 9911 3272 9730 1552 248 7618 4338 6017 5128 3712 3803 1101 8445 3325 5369 751 3752 7052 2277 7907 8914 5242 6072 7333 8595 7838 9343 8305 4753 7614 9925 7202 2592 9443 9194 4950 7713 593 1291 9960 5031 2200 9414 4036 1405 6682 2362 2790 3187 6905 1643 468 2477 7408 699 7684 5189 4038 5117 3070 2837 3654 3720 5759 8000 1209 1334 741 9741 7695 7812 3469 257 3530 9879 9786 4676 8975 3673 6281 7404 5901 213 1963 4589 9745 8788 1460 5234 172 3346 8450 5322 2058 2202 8328 1174 9258 9640 8754 5578 9387 1864 4807 104 2254 7688 7834 8881 5081 8993 1062 303 6613 5621 8089 6009 5604 5202 4293 6528 1435 6609 5172 1037 1976 2634 3585 2368 672 1004 4881 3317 4104 7683 4341 827 1381 4640 2686 6381 7275 8365 1533 4859 633 3377 5171 4305 7417 8466 6344 1356 6094 8736 1269 8673 3312 9866 5327 2865 9255 540 6760 2163 8686 9171 9434 5166 207 9009 7569 6311 4286 3406 8237 4984 6594 8254 8959 1467 6632 9956 3887 137 7400 3631 1605 4928 441 9351 1227 1882 2074 2276 6337 6393 3920 5956 3751 8148 5891 6639 3811 1586 9450 5038 6053 6621 3766 2884 9648 9614 6989 2533 5391 6439 6419 2447 5851 3183 7265 5861 9045 6357 8209 1635 2126 1284 4893 4323 8517 9141 7848 7918 5101 4510 4646 8011 4399 9493 3928 7100 7159 9724 2125 7901 4555 9958 6699 815 1764 130 6611 7592 3669 2150 901 6690 8316 4814 3516 1223 6628 7715 6366 8545 6480 8121 9317 4865 304 6313 8225 8791 7051 1648 9841 7223 7378 3123 1921 9687 3079 3855 2131 4480 5896 6007 8141 5961 4522 9766 5095 1759 2679 5254 8670 8497 2743 6074 2960 8059 2516 3614 8389 6879 9211 4359 520 7466 5561 1740 6262 8785 8395 6537 5248 7804 7982 6105 8986 1319 9293 7666 3168 4030 9341 9114 4729 7352 7993 5856 5592 368 5046 8338 5067 9641 9702 4523 2475 6566 8923 939 7467 8681 5329 8718 8555 6855 8641 215 1978 66 6232 4002 8310 3908 405 8916 2681 5606 9154 5387 8383 7869 5941 4472 6136 3466 3464 9413 7854 1814 2505 3643 1079 4905 8836 7960 4276 8140 245 3808 3914 2692 6302 6258 482 4868 3632 6723 6148 2710 2116 4215 1903 4268 3798 8688 1030 5667 7307 6179 381 2 4022 1916 2374 1546 9167 5127 6025 9266 8723 5853 9066 9323 7760 5701 8947 9402 5096 8596 1437 7118 2257 8460 8911 3834 7482 2300 6160 3128 8833 6301 7135 4275 9642 4298 3633 2653 2436 9401 7777 3014 9586 9996 1002 7578 6592 8266 328 7825 5894 2183 4698 805 5570 2452 5141 8808 5455 1112 6720 9471 3093 8360 1402 7079 5925 4378 8636 6868 915 9007 9205 6452 6601 3424 6491 3167 9436 1083 921 2977 2847 4152 7678 1701 5130 7849 6842 6187 2064 1463 4542 3176 5825 9970 2198 131 5012 4512 3501 3566 6020 2893 6338 5560 1120 469 7125 7151 7827 6637 151 3003 1573 9568 9901 4309 6450 1385 3569 4723 1496 3178 205 6022 3990 9505 9829 5773 9798 4890 1542 9357 8585 8176 230 9662 9557 174 9767 9842 9969 3423 4335 6496 8279 2896 2922 3556 5436 1466 2774 8280 7231 2901 4979 4146 924 4993 1497 4827 3409 6284 2863 4039 1843 9991 9603 3456 6901 9310 896 2139 8108 890 2335 6556 9630 7386 3954 8078 8412 1256 295 2251 33 2638 73 3880 907 7186 3311 7150 684 1718 2999 4438 7004 6037 7105 1226 1534 4628 8507 2420 4031 8375 6183 2768 7826 9164 6797 7207 9426 4985 543 4625 3639 4068 9792 486 8749 6104 5370 3688 254 2204 4652 9784 4436 4747 3306 5597 1844 1922 1176 9418 4550 1998 1278 6328 1553 9193 7227 4996 6931 1569 5016 4796 8773 613 5892 5410 882 57 4612 7030 7944 6145 3531 9783 1789 3047 4344 3347 2917 9285 5437 3724 2236 8560 4795 8438 7264 6922 8221 4685 5350 9484 3170 3110 5809 2703 2693 4899 3020 9017 4901 858 4244 4148 9715 6846 5230 9463 5721 9019 7310 308 1598 5574 610 6950 3749 1050 4752 9972 5546 6896 3801 3099 6963 2542 4564 9440 4415 2222 856 9254 9224 1016 8290 4521 9415 732 9769 9532 5471 8022 8565 562 5024 6280 7060 2440 7541 7682 7902 9208 4424 3281 4035 7294 9864 2397 9421 9491 211 9569 437 6304 8600 7016 6680 777 4918 8569 8411 1771 8955 3747 7644 6945 7002 7284 1907 1041 6841 9333 8661 81 6767 4353 1758 7846 4449 3787 8775 8919 7308 5023 8776 8183 2235 3129 6715 268 8842 9706 6942 3890 8893 192 3762 1359 2060 1980 3602 1170 2814 4559 1690 7714 8202 6305 7512 384 6376 4400 647 7209 6824 1708 8682 7092 4497 3228 1400 4046 1538 3084 3703 6997 1090 4256 2138 5837 6795 3041 4241 3197 9844 3552 1046 84 247 6073 2748 2147 1337 6654 9781 1358 8859 7134 8604 413 2547 214 2318 1164 4656 7086 7047 1192 4099 2194 6885 6151 6672 2617 23 3951 1443 6194 4419 784 6663 165 2230 4998 4015 238 3868 9817 1535 1007 1366 9999 9759 7607 3185 4768 3064 4575 8593 7767 9120 2716 3533 4577 6614 9797 4760 2658 9181 8238 9755 7437 7771 4092 7724 6712 3771 457 6464 396 5933 4959 1266 4948 844 6293 2850 3748 1616 5880 1155 2022 4451 6495 877 3057 6093 2715 191 5983 8987 958 6506 3248 715 582 3321 6551 4133 5991 4895 2382 3582 9793 3242 1639 5550 8541 3327 3969 3841 146 2783 7280 6434 8757 7027 7054 5615 4828 2822 7501 331 2097 2590 4254 9964 4468 4974 570 4110 7741 9000 7927 1450 5055 4357 7356 2399 5186 9859 1203 5224 170 1413 9129 3150 401 9236 2657 2255 9609 1140 6373 3863 5313 6772 3850 825 4714 5565 7740 9627 8199 6552 5647 783 4943 666 7560 4683 8810 5212 9490 9199 8838 9610 4221 1983 3830 3065 5945 6926 886 4230 4867 7909 388 1431 2005 2682 734 5332 1237 8862 4530 1565 4962 5257 5366 2430 1142 9069 8487 979 758 7471 9449 6808 1956 9513 745 5797 4473 2501 1012 4745 8231 2580 6008 9063 2690 6013 7752 8978 3540 1821 8313 801 9448 8611 6626 584 3411 8824 6205 1669 6380 9544 501 4413 1028 6895 4516 1060 9302 2333 8151 9061 3313 5973 6983 4496 4398 4634 6444 1246 8897 4554 5808 9546 6327 4689 9543 1286 7302 8058 480 8725 3685 576 5563 8315 250 5752 4660 9028 7468 7013 6063 4924 2019 2363 336 938 7989 7702 5364 4223 9417 796 9005 6649 4841 5519 8675 6814 2971 8195 2077 6633 4264 9460 3697 5077 1631 3357 3764 8523 2642 4225 4088 6710 5972 7786 7043 9933 7476 3256 5445 7326 994 8323 7535 4373 4000 3061 1943 8192 9221 5039 5816 2048 1235 8957 4700 94 7616 6735 4308 415 4109 4539 4956 1536 4251 2302 309 5260 546 7368 7048 7095 2643 1930 9271 618 6622 1052 7985 5807 7658 9785 3007 7912 2739 9379 9180 3217 8951 8706 289 9626 85 6707 1383 7549 9184 8518 4250 9697 7659 8937 8631 1187 978 7334 8138 2269 750 1289 6863 4041 3481 305 6979 724 2059 5121 641 1117 2326 1942 8127 8926 4885 2416 1287 7725 7346 2461 2973 6239 4458 5650 7600 6744 5398 3813 2781 5381 8663 6224 7283 8163 4528 9386 1979 5786 4944 8918 5043 7382 2539 1525 2640 7448 2508 8261 1906 2181 2620 8814 3050 9517 1840 1920 8034 6360 3143 5947 8503 6152 7161 9882 69 3158 2629 1084 1494 5668 7397 5748 2766 6243 6097 4896 6630 1329 7894 8186 6482 6524 8048 2756 6071 195 4506 9117 2984 9561 282 5376 8713 9678 9269 2605 5936 5470 3514 2956 4012 6486 5216 9043 9837 9371 9347 3858 1228 3354 6978 3621 9622 970 9799 1651 7119 5850 2630 710 8326 2870 3486 4097 334 4940 3984 3757 569 5792 927 599 3017 7991 7561 7090 3315 3967 2612 2978 4265 3247 3147 7565 3455 7385 6773 7662 9538 5673 3539 6758 7613 2207 2636 2284 5458 6394 4245 7325 3471 5058 9453 8169 7449 8574 233 9572 5094 5874 7677 8551 2597 3701 7500 2395 5505 1901 5122 7669 5389 5902 7986 8402 1662 4395 9604 2450 7226 474 9196 2611 8925 2052 7474 7321 8307 8796 677 5435 1279 9329 9680 8171 6789 5152 2387 8401 1005 5556 7355 4115 6512 4736 8335 808 5033 2476 8524 3785 7465 337 7263 5728 2846 2767 4363 6661 6383 1163 118 5368 3799 6501 3016 4142 2557 9725 5090 9036 8938 5244 6673 981 5626 2089 3275 9261 4332 3261 9865 4819 9207 1992 4333 7824 4806 7258 1965 502 8216 7225 9008 5359 9949 4953 8245 4587 9057 5761 6227 6115 7439 5993 5736 7324 776 7570 832 9034 9943 3909 1508 7839 9854 1067 7762 7530 4474 9936 3711 7140 6127 3216 4690 4066 8846 5923 1395 1746 5800 120 6026 5594 7236 9606 1021 5957 4189 4688 7830 7279 1633 7234 9166 7737 7906 1597 6473 5988 6840 6199 1313 4026 6647 41 7277 1661 891 5355 6402 3870 5600 2369 5889 4042 8615 5676 6494 3545 8461 5995 6292 5662 6242 3467 6831 2579 1456 7704 9461 6212 4887 8168 6897 7311 6038 9502 3637 511 3329 196 754 1683 5740 9286 2933 6972 9218 8093 4603 9655 473 4475 9515 3745 1248 8442 6964 1872 1656 4139 6285 7728 7078 1218 8039 2463 3366 706 6993 4274 7330 4089 4670 2627 6645 5500 9394 3843 1604 8582 5289 6405 4970 8134 800 6533 4009 5582 3291 2075 9185 483 7528 6069 416 9337 1548 95 637 7667 8073 6059 3603 8719 9098 4340 8165 6619 9396 7480 8072 6089 1742 4705 2799 3717 3741 7347 9836 4758 5571 121 3793 8907 9363 5425 2567 947 3181 7796 859 1345 2208 1472 5136 6502 1357 1212 1152 1778 1877 2830 2537 1119 3567 1518 5865 4898 7651 8705 7519 7520 528 9682 9891 1767 5657 5318 1449 6877 8314 1660 4777 5661 2412 9059 8971 6595 5040 6382 4655 8553 6806 538 7173 1666 9962 2203 5552 9047 8656 6843 2695 1188 5145 8627 4515 9688 1909 9869 9159 7532 5268 2891 9501 8802 9149 4403 5711 8888 9723 8015 6764 3033 4913 7195 6385 9109 3165 459 7015 2949 8467 581 5028 5885 4313 4192 9241 4392 1944 6970 5803 6754 1369 9556 8912 7783 4381 6634 5249 3257 1103 8396 8100 5428 9800 6263 6729 8102 9770 7458 4337 3289 7099 7213 4416 9959 4513 2523 573 6573 3789 7774 2489 1602 2549 4138 5337 5727 2764 5191 7028 4658 1073 5749 3845 2849 2280 4999 8857 4503 3624 2834 6574 5344 3054 3714 9075 7230 9071 6620 5713 6679 7940 4086 2016 3942 6432 897 2220 9896 8996 7 5220 9487 566 1161 5634 8942 6785 6694 1728 4669 2411 8717 9288 1951 7384 2109 8826 2497 8104 5479 6500 2484 3864 4197 16 3812 3804 2953 4642 7371 889 2701 4809 8337 8424 4098 414 344 5717 3943 6039 2288 5997 3410 4007 6003 3087 5328 9445 7390 8880 2652 2334 8455 4664 2959 2500 9994 1315 9202 71 1323 840 6468 9876 4926 3684 4584 61 5000 8291 7757 1502 5795 7829 5125 5876 169 2972 8677 6974 2488 2881 6670 768 1593 3932 5854 5871 2330 8014 4608 2478 8037 6516 925 7109 6641 8385 7698 5158 9086 4644 9942 7407 4724 6274 1032 8349 6144 8371 4784 1961 2564 3384 4331 3734 1308 7366 2975 2191 1051 4678 2182 6047 6975 7111 7481 5472 4734 1138 7983 1665 5547 6820 5113 8687 4737 5722 9551 8797 4048 567 6116 6033 6577 4457 8278 1894 4448 545 7850 8547 4834 1288 164 4238 3907 4389 9062 5259 4272 4147 5009 9851 8563 1886 3559 4318 7287 7601 4072 879 7693 4498 2253 4830 4623 7184 9986 803 2426 6668 5541 8051 513 609 4823 5908 9843 6640 3097 2770 2872 9318 201 1991 557 9621 8763 5862 5575 7222 5775 193 5646 5138 8306 2054 5246 4131 6833 7538 7399 8534 9835 9173 5176 2004 2023 2359 2819 3408 9906 6259 4043 5514 2556 9707 9808 6627 471 9102 4880 8528 8564 9833 703 5168 4572 5841 2358 6623 6934 2201 9810 5153 9060 9884 4910 8699 4382 2263 7819 9601 7038 9462 2803 2932 2832 9591 3523 3927 2755 8535 6254 5573 5899 2742 2091 688 5868 1137 4151 1743 5949 7676 1955 4746 3521 9232 4343 9119 3012 1222 6012 2272 9240 5629 3788 1043 5649 7775 2553 7806 7432 6569 2577 4008 3515 9795 3389 5690 9322 972 4879 5944 6397 5408 5617 4291 4601 8123 180 6740 6228 9979 1 2366 9624 4931 5414 275 1638 605 1085 2779 8586 1336 8697 2078 2110 495 4071 935 8774 14 1988 2209 3450 266 8212 7672 3874 9665 3623 4028 9623 5060 8008 8829 3138 3650 7842 6650 168 8292 1632 4426 4016 8809 4295 4440 4509 8856 5100 3574 6401 5648 3636 4965 6171 45 1320 7199 103 7253 8801 5930 4116 5440 6792 3938 2676 8464 9756 3407 9824 3358 9634 9760 3570 7970 6837 5097 2787 6783 202 2098 6198 6775 6996 5403 1109 408 369 2465 9435 4001 7212 4679 173 7670 5256 8853 8634 235 5764 1798 3308 3419 9872 8434 8799 2273 9064 4412 8408 2305 8984 1792 2231 2621 5111 258 4144 860 6717 553 949 5006 301 2740 5603 6721 1414 8865 9416 4952 2495 9562 5744 5091 1875 2111 9229 5994 6379 1579 8079 9694 4873 6535 2225 2389 9200 7374 4933 5607 5678 353 7418 6769 9470 1977 6517 9712 7663 3575 8203 9076 5233 1725 7228 3925 3705 3154 2252 1311 7608 3871 6604 7855 7354 5285 8332 3352 709 7916 7660 1180 6004 8054 5999 574 2122 9150 7464 6028 5124 1757 1181 4581 5658 8249 4848 3739 7780 2232 9898 4058 6260 251 7556 435 7433 5741 753 7190 5247 5144 5279 6377 1737 5681 5765 7070 2552 224 5020 3676 9894 8690 1982 4433 3593 6107 9637 5877 5659 6918 6192 7935 1034 8033 3767 2350 272 8607 5258 6340 315 6768 616 8296 4832 9552 3371 8920 3188 5271 3438 8961 617 2669 3648 1042 3442 5631 3125 5107 8240 419 7572 3265 2805 3334 6141 580 1848 913 7610 5955 8579 5203 4593 5698 4320 6821 8390 9612 6189 6080 3763 6085 3972 3923 3839 3634 1459 2265 9262 8219 4123 1520 7049 8432 3815 700 6041 7123 9378 7800 5134 8807 2504 9791 8489 892 6247 3344 1687 6101 4836 680 1981 5637 3644 5001 9157 7761 7586 4941 8973 6365 2015 5460 3571 911 488 1607 5730 2554 5584 869 1446 6487 5580 7558 2798 5007 3962 5214 1918 4661 2786 1698 6994 8302 9225 3774 3758 6226 3233 6273 4380 3396 2750 6300 3101 8358 4456 1733 1082 1464 8032 1874 3519 1300 3244 1175 2775 6157 2155 6681 3952 3718 6483 8908 9519 3963 4145 2684 7441 1379 9748 5714 284 1375 5679 8592 9192 4113 9444 7065 9550 8598 7425 6793 2044 5491 7551 8904 9407 8297 9695 9092 5330 909 3134 2099 2470 863 930 347 2792 6147 7719 4280 5314 8351 6134 4185 2434 5515 1173 5482 8683 3100 2393 6990 7994 5707 6602 7603 7650 7298 6790 9871 1033 7088 4384 2228 8738 6802 8903 8994 2451 3883 770 9213 8988 1612 6294 1205 7315 8769 4032 4461 6911 8019 3146 999 7821 9563 4429 4300 4735 4489 3062 4005 7472 5805 3309 1316 3004 7922 446 462 8188 8370 3496 6221 5651 1411 2119 7309 3361 8409 1818 537 7506 2141 5763 1899 1929 9068 7807 4236 4942 591 5005 2428 9974 9611 5217 1537 7158 4845 6427 7131 306 6251 9971 6902 3546 1621 8974 6581 7217 2808 5462 8533 7229 6889 6268 4345 5292 4775 4891 6953 4583 9764 5238 6117 2873 3565 9437 7691 9324 8318 2982 4989 3589 6532 4319 2177 4871 2903 1094 1768 4486 5352 9438 9420 959 6076 8692 3439 6578 5843 7981 4232 1650 9880 8707 1380 6164 5790 4310 4040 5823 6835 9265 5222 1207 3293 4886 1273 9056 6859 37 5010 2282 1397 2443 8924 4106 7041 4483 5265 3658 5502 3463 1993 6484 3837 9617 1392 6123 8969 9801 8731 9709 9757 7249 9620 9295 9948 3430 4074 6445 7891 6019 3939 2398 851 2760 8418 7251 2072 7063 5614 1038 6616 6718 1481 2492 4799 1723 5331 236 2035 4292 9366 7220 5643 8891 7488 8701 6287 5507 7451 8608 1900 8822 9292 4616 7562 8469 5204 3437 9477 3729 3876 7011 6987 7857 2680 5454 8766 2346 9281 622 2455 9083 1297 1135 3069 6725 4672 9570 485 673 356 3196 1025 5776 7359 2700 5319 3295 6845 2916 8299 2839 831 3066 812 7144 4240 4783 8239 4122 8484 5666 3342 5304 7171 1452 8473 3756 3278 3898 426 7514 2723 9169 814 5842 1058 2034 2380 4983 5084 2727 2848 4073 2025 9816 6755 8213 1149 722 1714 3153 3239 8786 4727 6590 1945 2185 4846 5098 5890 2140 5821 9967 1524 8222 8208 5630 3461 3838 7040 4557 4882 1849 1342 1341 3310 4368 933 9361 6477 3029 2909 1010 9554 2106 4883 6939 3413 1797 855 8091 9406 1230 7248 2166 4677 8355 5002 109 2673 8289 1399 9106 4712 5041 8995 8664 731 2527 7297 1482 2040 8344 2032 1702 7883 1169 7286 3232 4060 4770 2498 3690 2189 8374 4615 4501 8437 2184 5918 8940 290 1428 1807 2639 177 5924 8746 5685 8734 6924 9650 264 3930 8968 6120 5767 5781 7193 2441 5194 1523 4224 8433 6476 2796 6913 326 690 4812 1644 961 7007 7897 1183 9390 5897 4708 4981 2196 2818 887 3367 8229 3544 7139 3770 1304 9468 6929 1262 1013 3725 3525 2726 5726 5881 3542 8264 7978 6331 226 9128 2328 4576 6299 455 8877 2861 1095 123 6923 5788 1213 2615 2086 8655 5080 9905 899 2980 7266 7117 5424 1775 3509 3945 1769 6678 9525 4459 338 4980 7493 2964 6562 1099 5755 285 5334 1145 6325 4851 9902 8624 283 8218 1678 5638 4051 9113 3431 579 4284 6937 8932 3660 1674 6515 8387 1076 3630 9669 8828 3867 2637 3737 6777 6275 8580 2685 124 6215 1999 6563 2437 3527 4938 8471 5845 9303 9022 820 9812 560 7605 1870 322 3458 971 1406 1441 2600 6193 1233 5839 3219 7036 4315 4789 8098 7152 1860 393 116 3106 2293 8783 3028 4290 3402 7576 72 472 2631 4778 6345 1754 9178 5784 6336 9025 3071 2878 7208 8242 1986 676 4226 4894 9182 3055 2325 1862 3048 547 1409 2744 7622 1975 9315 7341 5228 9522 58 6295 421 4476 5686 8818 2123 6234 2490 7782 7233 1972 5239 2927 6347 7295 5602 7518 1637 2332 9360 6348 7593 3135 6369 6310 51 6099 8118 778 1782 4349 9465 200 3253 9995 5934 8143 7172 8319 6692 113 8153 9428 8137 3646 2259 7959 5568 7292 1606 422 8979 4791 1765 1695 7749 5093 7337 5704 7075 7620 4153 9214 8187 8352 9988 8146 8340 4849 9679 142 3904 7642 5003 5572 5669 9921 4630 3032 1935 6794 3940 9508 6874 6708 2401 9260 1774 1416 2212 4056 3199 3897 8421 5173 8194 9923 428 5525 6739 509 4279 1658 2738 1547 8043 382 9125 8472 3936 4339 857 2816 3448 3926 4878 4529 8676 6809 4374 2294 5156 6392 3343 8548 5415 3606 9270 5418 7214 8532 8751 2132 3604 8635 4596 3511 6461 9592 204 4726 8491 398 4566 2290 8561 5266 6836 5481 2306 7958 5984 8866 3359 4454 1555 7997 8368 2069 2654 744 4757 6395 8443 4840 2340 332 2769 3115 9782 2076 8200 8288 3483 9419 854 4927 6378 163 1596 4304 691 492 9588 9945 1550 5309 7132 4720 6550 4391 4136 265 5777 4643 7045 4096 719 2391 8606 6927 522 4617 9397 2432 5513 1166 5374 555 6862 2295 313 2148 2170 9857 3283 5700 1832 2283 6583 6202 1167 2226 7908 9983 4267 2433 8262 6936 355 1808 3560 1838 3524 460 9705 3250 1239 4732 3827 5819 3698 7360 6135 6121 6920 4077 6861 7406 517 1691 9018 798 2575 4409 1522 9328 698 114 3759 3996 6933 4490 5057 6610 7053 4294 7457 4767 6113 2854 9683 5787 8581 6652 9489 3949 2845 5618 8357 2041 6462 8571 6771 898 7606 2211 1501 4592 8131 3722 721 157 1777 6428 2757 4369 9878 2009 5206 5174 4686 1023 5540 701 5670 6514 1198 1587 6142 7717 9534 6853 132 8905 7431 5715 4780 7267 3894 3380 718 6635 5453 3331 2036 1317 5778 9565 3961 4976 3916 7655 3226 9473 6418 2925 6643 6031 7661 559 9883 3130 5063 1819 6153 320 5349 7641 9374 4909 8642 9657 3781 6812 5895 67 5680 4684 2732 86 954 2515 8040 4132 5025 7001 6536 2683 631 8931 1389 8393 3627 4728 910 8668 9127 6289 7014 4861 919 686 7485 7377 3641 8325 1162 563 757 7751 5280 7840 8145 9516 5802 9852 1591 2696 5282 9888 4811 7455 8958 2095 7629 9479 8910 1880 6044 1374 7089 9287 5978 3555 3713 746 6355 6603 9977 2809 8025 848 3548 5241 6438 491 577 4769 6834 6244 2262 7795 8741 4188 1642 6050 8447 950 3671 5215 8572 330 2791 4706 4358 5221 8356 3375 9081 7553 5317 7837 1594 4233 8854 9845 3102 2442 7176 351 9385 5423 5394 1453 4402 8878 9179 4095 3918 5085 9947 487 7861 8470 9384 9938 6688 3742 9130 3518 31 7000 2270 5360 65 9537 1706 1564 9749 3499 8031 1747 975 7915 7235 4299 5 2576 7765 2167 638 5610 5052 6375 9664 8860 612 6508 7137 345 969 4227 7115 6511 7489 4263 1104 8617 9643 9635 6370 7373 3350 7544 2650 2030 5286 5946 8798 1146 274 5932 6485 3264 937 7674 5664 2431 2180 6447 5348 6276 6947 9359 7442 5493 6881 8286 8628 2619 5477 2572 9403 9509 5557 3640 7460 4955 2409 6349 7299 7261 2946 8481 5990 9155 1486 2862 3594 4260 8259 9567 7928 842 6738 1321 7548 9115 7191 3316 8720 720 5195 8399 1156 3528 6765 811 739 8496 669 8142 3732 6446 623 5522 6839 8085 7179 4311 6554 9308 2188 6748 5846 9738 5640 4611 8448 1484 8024 3298 4479 7692 4776 7579 3382 3495 8251 7278 3549 4425 387 5483 8599 5456 7817 7987 1125 2406 8538 6173 5917 3821 7434 694 260 3376 7127 294 1623 876 156 7177 3903 2517 730 4730 865 9206 5967 7306 8066 6018 1478 8441 4397 4568 1419 4302 7166 9631 3328 8733 4464 5167 8485 9488 962 9190 9992 188 1160 5588 8233 1730 6727 7711 325 1272 1833 4087 9828 8490 2797 3056 2758 8260 4259 9209 8542 9334 7305 454 3857 1812 9625 607 2877 7980 8062 5223 4285 2063 7913 6426 9095 9065 3132 5980 4393 2665 1960 9571 1232 4694 8647 8659 9768 2771 2560 1512 108 1403 5269 11 8232 6238 8946 8422 7187 7870 1024 1268 4231 8626 7738 6177 6272 6168 5903 5270 380 6421 6246 1804 8557 2961 3586 1069 8160 2073 7851 1410 512 9410 1153 4361 883 1265 3700 3117 904 9722 9823 1110 7898 2880 3454 2469 3601 6664 1584 4653 2588 653 4492 2281 1763 3919 447 8036 8126 8562 1855 656 922 5407 7594 1776 5253 5099 4545 1434 1663 3098 6736 9987 7582 2584 5351 2962 9140 431 1509 1809 4210 5044 7624 9325 7634 7245 5089 6204 497 8948 1511 7584 3121 5948 9503 505 7428 2028 5544 9469 8096 4824 6320 1948 7126 5737 2765 6368 1628 2446 6321 1097 6481 198 2521 2234 8768 5076 8671 4835 6131 822 5385 908 3025 4500 6631 3889 1091 6869 4121 2720 9618 9594 2599 5320 1985 4324 9968 8435 2821 956 1106 3678 3372 8789 6140 9456 797 649 6091 7879 2626 3844 3086 743 3373 4 6910 6915 2327 3274 8406 7262 6778 2674 4446 7946 409 5154 7010 8303 5013 362 1715 4574 1727 6691 1795 5252 9893 8157 7701 2001 9663 5197 2955 9441 1128 9080 3273 4170 1675 6866 9249 1559 8166 3240 3387 2218 2246 3460 3786 817 1813 6218 9091 852 3451 9506 5068 1378 4788 3929 9681 3856 7965 8943 834 8336 764 1201 3122 8811 2336 6798 8354 6210 8927 3415 8366 5441 5958 7281 117 3862 8468 8901 9885 4101 6467 9051 3978 8805 4875 5448 7963 8253 5008 6805 1529 4246 9747 2714 5335 7462 4423 2047 115 6322 6966 9855 7853 6898 2130 6479 232 4248 1020 7508 1371 8821 6102 4838 7732 7456 2668 6225 3600 7969 7758 1932 3753 1974 9957 6023 6665 7427 1722 9475 2100 3351 9497 4627 9839 3472 8246 2118 1933 9628 6460 1426 8909 6867 1640 36 2298 7926 5447 6571 8227 2037 7975 3956 9494 5283 2174 3833 767 3680 3522 3422 5872 8832 6412 1422 9856 8567 5779 4217 5612 2655 687 8539 9675 6544 7539 5528 2171 5555 7197 9539 4477 217 89 1179 2852 6222 9336 7416 1883 1990 1184 3368 6870 1100 8068 4157 6237 963 307 9903 7876 9813 9307 9873 5404 3807 572 7138 966 9920 9711 6958 3363 4935 2664 3429 8007 8715 400 1309 9951 6731 3989 1787 3214 9296 1614 12 7868 3416 4052 5432 7093 2907 1185 3305 7798 9013 3879 3835 1790 7068 7351 3252 1940 4079 7770 8721 3892 9116 1325 7753 936 4155 725 3299 9405 6389 5886 4401 7301 626 9053 1150 6612 8135 7833 3577 3326 296 1857 2866 928 9107 6278 794 1530 1847 5213 1219 3378 6406 7021 6886 6090 7727 7250 1696 6437 9868 988 9946 5523 478 8430 3385 6912 4206 774 6077 3769 8257 3191 149 8945 3563 1444 8834 8346 4590 7104 6256 3517 1113 9175 7673 737 1786 8038 3872 197 1141 7635 1461 1178 8190 29 5601 4742 6973 9589 9483 7998 5785 4143 7327 1348 4406 1513 3672 7527 9944 2824 4986 726 2904 7784 1423 8492 659 8504 9916 4177 2361 3790 2051 1865 5989 608 4692 3931 2661 4765 1610 9581 3301 1519 3976 1159 1739 3445 3686 2995 5952 4441 6181 2113 6404 2502 2670 1468 4869 2589 5965 4782 3365 2587 2624 7656 2895 7957 6638 2250 4134 9985 476 9495 3647 5053 1549 9464 6559 2868 4003 2169 5656 8981 696 6200 279 8394 1224 3449 1905 1636 5855 2763 4082 4546 90 3959 9411 385 7802 4237 1236 9033 7748 8520 4216 2648 6525 9720 6916 3960 5927 660 5569 4355 6570 1065 5692 1810 2667 5037 6286 3910 8704 8436 3610 8099 6653 2403 9160 9676 8049 3482 9447 2918 63 9176 5475 3034 6991 804 8830 5488 6597 5147 4174 1541 9820 5674 1873 6827 6709 7413 571 8180 5463 8234 7637 9690 1585 3266 4704 7436 5791 763 9787 8708 670 2127 6430 77 5689 4281 8028 5035 1271 829 3922 8650 1417 4874 5326 1080 583 3180 7675 2618 8900 7841 6112 5451 9997 4158 9553 2678 4808 2085 6545 8198 4484 9223 7654 682 9790 4759 8252 1202 6149 748 8191 9870 9595 6029 3386 1866 5288 3797 1122 2647 5411 632 8711 5953 7797 1869 9998 6908 134 7924 9300 2936 7531 7155 6216 6591 4598 2604 7808 8770 4853 6671 9599 6261 7801 8453 529 2256 4203 2287 4852 4140 8193 2841 3985 1625 175 6509 9072 3853 3775 524 7628 7035 2168 2355 4024 5620 692 1803 2345 2071 9391 1672 2321 9439 2815 1724 4544 1485 2473 7820 1957 6948 1958 1105 1474 3477 8795 9982 4699 1863 2400 8010 6542 3221 2007 3794 9011 9354 1495 7880 9364 5710 5019 159 1772 7174 1750 2882 2003 5652 4499 507 5976 3819 1919 5928 5190 8804 4137 1766 3218 4850 7163 1707 8158 912 1240 7888 4107 1600 2813 3105 9512 5905 9442 3076 8712 4365 671 6714 4624 5316 5611 8185 7369 9708 3280 9547 2571 7293 7058 9038 4717 9082 2625 6433 2121 7523 5720 4803 9381 6882 4854 6957 5274 849 835 3001 8095 1168 3899 2157 6423 806 5293 4614 324 2404 2520 1114 3112 6312 3475 5627 9779 6522 6448 2942 92 7025 3268 5826 8800 9388 2782 4154 8695 8342 7583 5564 5655 6075 4820 212 7781 8894 3809 8530 2462 9276 974 7867 4278 3277 4010 4282 5684 7470 895 7921 4870 1952 9077 6587 590 1680 46 5551 1363 5160 3780 278 1343 5723 7381 6530 5347 227 5200 1154 4815 4520 1673 9472 3473 8101 1917 5644 3695 906 6489 807 1928 7609 9161 8407 6677 2802 8428 1014 1088 467 9481 5175 8155 6030 7631 299 5887 3452 2108 1806 5921 6034 5075 7080 1250 3195 7182 5693 4428 6068 9014 7412 7160 9263 7938 1934 7936 7077 920 7566 6828 5663 87 2730 7219 2142 1077 7497 3225 6386 9457 850 7699 1027 6332 5237 3653 3194 8083 1997 6527 4149 6969 6214 5027 5531 3999 1716 9021 3435 9735 4713 668 8439 1868 542 6849 2890 6110 1853 7445 918 6410 7690 7329 1177 8353 3421 5056 7056 1063 6400 1440 5193 6352 3520 3428 7282 9399 3478 1514 5397 1705 9802 2507 263 1277 5192 3505 9335 8536 862 7008 7087 606 7543 9596 9010 3323 7759 3670 9582 7443 5417 2908 5527 1022 7338 2689 2646 535 8546 2713 1949 4180 2065 3262 2735 7597 2008 9540 8012 9701 1676 3975 4120 4317 8714 7540 1121 5591 9849 3392 3058 7903 8761 9714 1577 9895 9311 7626 5511 7198 4774 526 6279 6326 5645 2229 9103 5811 7020 1560 5420 9089 4209 1996 133 5745 5296 8149 4422 2301 3440 2858 8388 5982 1664 3761 4536 5864 6471 4307 3772 1710 7504 4902 586 5297 5605 8256 7721 3027 742 7379 5469 2419 5734 1711 3139 1296 2929 4696 1773 5072 5255 8295 9134 3683 7085 7318 3204 2509 2472 2012 2898 6451 4287 7716 2751 9002 601 9264 2722 9973 2986 6067 9919 8275 219 8765 2002 1305 365 8847 4326 1626 3886 2976 2966 853 4971 7588 5732 4269 228 8312 792 4261 32 7507 9507 4534 3526 1964 8106 9733 934 9530 2017 5049 9242 5590 4613 565 8777 9822 903 8666 3906 3043 2045 1035 2724 5497 5459 4663 7185 6128 8649 2874 2322 1941 652 6822 102 7712 3136 8559 7473 3663 3156 429 9291 650 655 9496 1068 8426 8956 9651 4667 6374 5473 635 3649 3433 3231 3955 6791 5962 3022 4194 7153 5754 3083 1801 333 7632 651 3629 9927 6971 3089 2149 2704 2133 1059 50 4212 1306 8331 7255 9527 2115 976 5888 9819 479 1845 7554 9165 8793 5363 7744 2137 9037 3019 5548 1394 7992 4549 9433 8510 8211 4914 7192 3420 1532 530 6752 6488 9653 7169 7882 9133 7350 4507 2081 4463 2745 9613 1888 8273 24 252 3587 2014 8271 9423 5061 7911 4751 716 8858 8603 2018 112 7260 9545 3131 4354 7646 8114 458 9126 2979 1387 3618 900 2897 5421 4175 6737 3104 6734 4129 5725 5185 1412 3826 6547 1544 7348 97 1292 358 6111 2266 4467 6329 9743 4511 4966 923 5706 8890 7764 7773 6100 2965 1713 2268 5929 8698 2381 8864 5653 2010 6523 6666 1353 2559 5343 6323 3667 6753 3037 4570 6046 6359 640 1846 2794 1303 7317 4997 2417 9344 2352 6497 40 34 5433 5642 6138 1275 8026 1475 5383 6921 2974 977 8970 689 4722 5753 2039 1835 993 5530 2855 8954 5086 7706 7039 9074 3002 7103 1331 7361 4833 2175 4495 2776 3538 6903 3706 1324 3824 8053 4547 2677 6341 8660 8985 7995 2906 7438 7537 3447 3255 107 1689 9432 4991 3493 1815 1000 3127 9500 4951 4418 3399 5301 9521 221 1741 9886 4367 5783 7291 6335 5382 2820 8361 3081 9639 3249 9279 5480 3441 8330 3119 6534 4434 9305 1618 8935 6143 1709 644 8570 8129 7743 4842 8644 4067 6952 6363 8744 6919 9306 3207 9548 2439 4288 9147 9685 1136 3657 2128 8849 7165 8392 7643 503 82 4025 7312 7403 253 6245 9222 6350 3111 8115 9227 6521 7136 868 7815 2911 8077 6398 1756 7943 7895 7495 6998 2843 2247 5567 2583 5367 5992 7813 3595 7147 1143 5798 359 9559 5338 8781 9737 2996 3049 8241 9579 5835 5208 4050 2090 6779 8512 9696 1274 7552 3580 6716 2988 5306 8884 5506 8322 1770 6255 7952 300 7799 662 6946 4504 2384 6636 9168 8640 6045 2223 2666 4450 3383 2785 4289 4196 5392 6844 2343 4013 1826 6188 500 8722 8966 7573 8972 992 2240 8250 7979 9761 8248 8820 237 2176 1785 630 4560 9027 7563 6146 1133 7322 1066 3964 1556 9217 8429 2156 4939 619 8578 9803 6330 6713 3573 2192 4162 3598 4856 3303 8320 3013 8514 2135 6829 7865 836 271 2029 8577 5870 4165 7499 3561 8977 3993 4908 7097 4124 5882 600 2093 3912 6060 917 7362 7392 2522 6058 4750 8057 9847 5987 2117 9954 3116 6852 8170 4085 3735 5142 9677 1127 3502 2518 3314 8758 3236 3652 5450 2480 6873 2422 6011 184 4502 2307 826 8345 9990 2807 3948 2348 6185 8308 2011 2691 4061 1622 2827 5545 7645 4273 9104 8645 6223 2900 6137 9788 5140 926 3151 6057 7365 2094 1144 2145 8162 4408 2711 7496 3665 4604 70 8573 2349 3674 6211 6420 8206 5906 2687 5772 150 8413 4954 544 9654 203 6575 2042 1322 8887 6096 2957 2842 4470 6469 2529 7967 3842 6589 5501 8035 6711 3682 4466 3161 6930 222 5705 4063 6078 3992 7358 7694 6156 1480 7401 1850 6233 167 1307 765 5211 5032 8928 3476 286 4327 2506 7372 9897 7811 4622 7516 6 9478 3024 2365 5975 3740 9671 7154 7424 7349 1720 8074 9867 4435 8851 7391 1318 1445 1779 2780 4826 7018 8889 327 5771 171 6605 4743 6288 4538 9055 2124 989 9131 7878 4444 4762 6396 4537 7429 1634 3320 1093 7411 6883 9123 2894 1652 1887 1649 8159 5938 185 7343 5083 5875 2573 3468 9874 4117 4021 7383 3535 1793 8427 6318 1019 1197 9031 9299 7170 5422 160 2438 846 3286 6125 782 8329 8023 3579 5378 8201 7939 2871 2493 5399 2875 3142 7681 4469 2801 3901 861 3895 1852 8347 6422 1962 3851 4379 4532 6175 9815 8964 3446 1424 2717 5665 5496 6270 8992 603 5207 3337 8013 4535 8941 6159 510 6217 7996 5264 3958 1242 1599 7023 4638 5495 6354 7114 7653 7024 6800 3208 9686 8739 6891 3198 7730 6743 4637 5743 187 8391 3622 7055 1108 1503 8982 9427 4725 3162 7899 5074 8702 3877 7270 6856 7069 8845 8990 1229 9887 4396 7339 6015 2323 8817 1217 2304 9087 9277 8499 1749 4135 654 8069 7768 3287 2659 2043 8150 1646 101 2937 2762 1040 8423 4491 1096 7370 329 5529 6751 7084 8152 5356 8397 6043 1333 9237 6465 7585 4111 5716 106 6166 674 2746 1781 9763 8630 5372 3820 5302 6880 8613 5915 1619 3260 6429 8552 6298 4960 5015 1131 5857 8638 493 7156 8410 8934 6549 4945 1107 8304 5365 3782 4202 9608 8782 1388 5184 3779 9183 3149 2749 830 6660 5051 2197 7062 3591 7469 7274 6399 1261 3873 9239 667 5210 5449 7314 42 3414 3488 8506 4816 9350 2310 2329 4671 8527 9482 8285 8119 4195 9368 6249 7788 1871 3164 3852 7919 5315 335 4171 4719 9728 5863 6457 9536 5011 5162 7498 5079 3444 6180 9560 6788 8309 9004 1029 8086 9041 7956 3490 9692 302 4127 7747 9245 9393 7630 9170 6572 5231 5910 5139 8869 7892 3822 5832 9219 614 6027 496 4917 779 1070 2719 6490 3977 6803 5148 4531 1761 1451 2941 9587 1384 6804 9806 6529 6774 3094 4792 3986 8980 1575 7789 6747 9026 7954 9840 8226 6864 8513 3091 4829 8612 9577 3388 7964 3360 7502 5509 7491 1420 8729 9327 4187 4437 2940 663 6564 3953 3512 4741 9578 7787 7273 9358 6629 3113 4350 7175 9961 3374 3459 2394 3971 8898 9926 4329 5847 6696 8679 1784 56 9719 6065 4075 1373 5699 785 178 8529 4029 3319 2876 8063 6306 1270 9431 4975 39 7844 8759 4900 824 1129 8498 2264 1018 2178 5537 2444 3508 1736 4407 76 8583 7396 6703 1368 7962 6324 1590 8282 9504 6981 129 1249 5719 3859 3330 1796 6724 998 3053 8486 1299 357 5576 7096 5943 2370 7524 2699 8217 2761 8021 5916 4156 79 5341 3427 47 9831 3800 7602 3395 2483 9590 2242 5467 5830 5878 7843 2377 1543 7604 3608 8274 9520 6850 3854 7026 1116 4376 8488 4800 2935 7450 5554 3970 7818 1592 8425 2070 7525 5951 7252 4606 144 4654 2601 952 75 2812 1436 7595 1734 4738 9775 4632 1878 7977 6317 9899 9981 3339 3258 4336 3085 125 6580 8511 3088 3292 8748 6960 5132 5494 8998 5963 321 8181 5518 4112 1823 2514 7129 6900 4439 8696 5308 6319 7044 9151 5251 8879 7240 8861 9716 549 6992 9818 2921 819 9807 4306 2120 1504 5386 6055 6207 3562 64 8130 4665 5438 7930 9585 4872 888 6941 2006 521 6757 5703 5169 508 4740 3814 7779 4494 1165 1937 2013 7649 1047 9734 7587 9834 9659 2311 6518 5586 9230 8917 3946 418 2562 5939 9710 9304 8526 3005 9636 5042 9751 4987 449 4271 2107 8116 7110 554 2660 4798 597 9267 371 3412 220 5836 366 4301 8230 5030 3040 5940 6995 140 4222 940 2886 587 4487 5566 728 5474 3072 1361 3046 7686 6339 9458 4626 3849 4125 4023 4710 6956 4207 932 8416 1686 6271 208 1011 9838 2205 2354 6576 515 3398 364 9917 6651 8752 5712 5595 4372 8377 1189 916 1244 8588 1791 1898 8953 6599 9235 8117 4636 7319 209 8020 7398 9148 1617 255 2804 4178 5457 9984 6700 433 1352 1147 9370 2457 9189 1182 5935 5598 1295 4385 126 7664 2622 2934 4214 297 8952 3243 379 4526 6817 6303 931 3284 4925 6701 7363 5103 154 6624 3983 452 5054 9446 4453 2313 9369 6266 6568 78 2479 2164 2087 5396 3609 2314 5226 2905 9666 8204 475 2923 7953 6857 1539 5243 8621 9752 5599 1430 4781 2915 7490 5384 2777 6054 3453 5694 8508 2526 9930 9398 3699 5209 1483 1582 6728 5484 9135 8084 9409 1717 9253 5150 2531 4801 9226 9821 7375 5533 5298 685 7440 6872 6154 7990 2902 8373 1654 5742 5671 5964 1123 6390 2985 1745 1682 1557 8672 7864 8962 5064 5827 6443 2954 6943 162 4447 5489 2994 3075 4420 5377 7066 3619 4527 2347 2392 6582 3039 7224 4351 8906 5070 5867 7017 6726 4619 615 9216 7887 9952 4375 68 1075 5183 5490 386 2594 7009 342 7703 6413 4257 4920 2105 3924 4650 1545 8868 6235 625 7239 3206 8362 7577 1386 8372 683 9776 9099 2910 6036 4478 987 3543 2337 9758 4864 3736 3035 3607 4229 6195 9365 7638 1913 8293 7856 2062 1915 1613 8618 8662 6162 3010 2718 1726 1837 4802 7409 9331 6541 1225 5170 5120 1364 957 1927 1415 9955 6959 5866 9094 3030 1946 1892 7668 6928 6066 2460 9467 6914 8792 5310 4551 8587 9526 810 5559 3470 5838 4283 2496 9518 3174 9412 8778 9924 9321 216 7984 3145 516 9827 7082 4485 6965 2186 8105 5112 424 1931 7739 3816 6526 6906 1346 5092 5342 5587 5205 5179 4069 3635 5524 9584 6016 3506 4262 628 8 6282 2454 6684 740 2671 8369 8601 9646 2413 1427 9514 5553 1031 9268 5336 2823 9667 2485 6201 8080 9656 5401 7809 2535 4790 249 6540 3159 4932 9480 7828 4270 1510 552 3504 872 4199 9633 9616 2538 8727 2857 1338 5303 1703 6006 6184 881 3259 8639 7941 4118 7575 8174 394 3148 4629 6064 3865 9320 9825 755 4586 8743 8172 8132 5762 281 4744 8689 8081 8002 1744 2644 6561 5478 2396 7904 6248 91 3271 4609 3760 4460 2082 2026 2260 3651 7822 4969 2938 1704 8270 5926 9280 7388 4266 6940 6062 3051 878 8669 3 6431 1668 2606 2261 8848 2421 5535 9937 2914 8269 4674 2987 3163 3597 8154 1003 3000 4649 399 8113 3692 9404 244 9054 5796 5616 8989 4190 7734 4303 2367 6408 1645 9963 4680 3152 3189 5109 8479 1677 5400 9372 4946 3553 2628 5164 5267 4482 762 4394 3443 781 9338 1834 2747 319 2482 3190 7296 4465 246 1679 6759 4108 5702 7316 9152 1908 9355 714 3694 1006 7345 292 7948 2788 7221 4421 1902 5119 8755 6858 736 733 7546 1551 8494 4360 5419 675 1171 2919 9564 4703 6190 4383 4756 9067 7976 2408 5346 3114 1589 2967 9392 4427 9430 1396 3324 7589 3934 594 9558 179 866 2519 3096 430 1554 5919 83 2591 5937 6693 4897 5579 8575 4366 4242 5654 7709 1721 5815 7046 4988 6892 5814 2206 6384 2566 8343 4070 7726 9750 311 3237 3144 4404 704 9904 136 3155 348 6455 2258 3974 2810 3810 7394 7513 3537 4159 350 463 5558 2688 1215 1200 8936 3615 6848 8883 9975 4754 3796 8566 7974 2545 7923 7168 713 9858 7955 9684 1433 8609 1054 885 5898 8863 2833 657 218 360 1001 4239 7479 1290 627 5276 9100 9736 4693 2143 536 3173 3404 2216 4179 7461 8767 4533 780 8509 5782 8745 3211 434 2528 6730 5695 8207 4053 5829 8815 3335 3704 4968 799 145 4442 3620 3340 6114 946 7133 138 6860 7335 9451 8991 9042 4561 7313 2826 7094 5834 3118 1327 4844 727 1049 9976 3067 1994 5014 4020 6669 5069 1401 4822 3715 2215 5879 788 8109 7896 8886 4990 9772 5844 9892 8030 9912 4314 873 1078 1382 2536 3933 5688 3777 5291 8684 9234 5442 8324 9846 2540
